0	0	0	0
0	0	0	0
0	0	0	0
0	0	0	0
0	0	0	0
0	0	0	0
0	0	0	0
0	0	0	0
0	0	0	0
0	0	0	0
0	0	0	0
0	0	0	0
0	0	0	0
0	0	0	0
0	0	0	0
0	0	0	0
0	0	0	0
0	0	0	0
0	0	0	0
0	0	0	0
0	0	0	0
1.28880000000000	716.800450000000	37.8528800000000	1387.36617000000
1.97998000000000	765.585940000000	34.3690100000000	1328.80023000000
0	108.281870000000	5.12947000000000	195.957350000000
0	12.4332700000000	0.407530000000000	23.5215100000000
0	585.595110000000	19.1509000000000	1049.69132000000
0	80.9649700000000	2.75868000000000	145.104200000000
0	6.83570000000000	0.228720000000000	11.8069700000000
0	-157.277510000000	-5.38945000000000	-277.809160000000
0.0675400000000000	15.2650500000000	0.547560000000000	27.1385500000000
0.158610000000000	33.2145800000000	1.18638000000000	61.4679800000000
-0.0539600000000000	-10.2331500000000	-0.527820000000000	-21.0845400000000
0.105910000000000	19.7970400000000	1.00183000000000	39.5109500000000
0	18.7395400000000	0.941810000000000	37.4717100000000
0	769.117570000000	38.2496600000000	1581.76132000000
0	642.461840000000	33.1811100000000	1373.31668000000
0	848.410900000000	43.3530300000000	1805.36016000000
0	1092.17099000000	55.1358700000000	2363.41111000000
0	474.990750000000	23.5774900000000	1035.90235000000
0	746.800560000000	37.4772600000000	1664.54201000000
0	448.771590000000	22.3549700000000	997.422710000000
0	739.368850000000	35.7345400000000	1614.17766000000
0	907.325650000000	43.5923600000000	1973.88824000000
0	884.518890000000	42.6169300000000	1991.58825000000
0	1251.46149000000	70.2890100000000	2888.72290000000
0	1016.42681000000	57.0796000000000	2150.01741000000
0	76.2697300000000	4.58631000000000	163.577110000000
0	207.636050000000	12.5790600000000	466.459380000000
0	11.0474000000000	0.734580000000000	25.9766500000000
0	-87.4704300000000	-5.91691000000000	-220.191690000000
5726.26021000000	70774.2314300000	6396.79018000000	41700.1500600000
6274.82747000000	76144.7135200000	6716.24172000000	48304.6571300000
5741.44510000000	78080.1994000000	6688.73609000000	50028.6300700000
8193.88866000000	80479.1852100000	6815.97456000000	47426.6596500000
7749.17493000000	83422.0367300000	7773.46900000000	48850.5236700000
7369.23613000000	78915.2280500000	9209.90446000000	51835.3080100000
12551.1733900000	80100.4303300000	8144.31363000000	56112.9850300000
13390.9235600000	73535.1505800000	7575.74812000000	59552.8259700000
15229.1100900000	78732.0037100000	9667.48831000000	61556.2590600000
18102.8225200000	86848.5149600000	6418.05060000000	66144.6700300000
24413.7157300000	80189.8245500000	8017.62681000000	78867.8181500000
19444.0629100000	80854.8816200000	5393.73954000000	76174.8896000000
23661.1892800000	81142.7100200000	6401.57056000000	75513.2053500000
22666.3536700000	87351.6410800000	6604.93741000000	77978.0395800000
26101.1814500000	79024.0143900000	9058.57519000000	81041.7149400000
15467.1435400000	87238.7326600000	10830.3721900000	54080.3821500000
13486.3867300000	93449.2399700000	9699.06492000000	44787.1221600000
14402.0490900000	99518.9705200000	7953.05780000000	36099.2111100000
17829.4633900000	101859.854800000	9501.10322000000	47413.5737200000
19633.4152600000	142557.645000000	9429.71890000000	62155.1926300000
13677.1789000000	122308.716400000	7552.98949000000	72373.2212200000
10862.6605800000	65241.5134100000	7721.65909000000	52579.2553700000
10098.8161000000	65153.7357900000	9610.17431000000	52122.9959300000
10928.7410000000	73769.4404000000	11773.6823800000	77779.9732300000
16488.6110100000	101279.495100000	12612.7740500000	71200.3982100000
17009.4023700000	91894.4886100000	9960.82466000000	78354.8307300000
16790.9314400000	102016.552500000	10724.6077600000	90548.4585600000
16535.2499500000	109215.743700000	13728.3181700000	83620.0417000000
17806.4022900000	101814.988500000	14019.4777100000	95781.0094600000
15832.1123300000	99513.6575400000	11052.3240300000	64248.8443300000
15704.6398100000	98621.0579300000	9625.90939000000	92991.4225300000
14472.4881000000	94569.6117100000	10117.3369100000	62183.0244100000
19801.4736900000	89971.0924600000	12433.5344300000	78306.8509900000
15446.8823700000	82504.3445600000	16179.4681700000	84504.2765500000
17082.9241400000	81207.5955000000	14030.7360200000	72642.5140200000
20822.5072300000	81036.2289000000	12336.5435900000	78262.5187900000
16323.7829900000	82279.9987800000	10936.1168500000	79380.4478900000
17944.7557900000	76390.5432100000	8179.98511000000	69738.8638000000
26355.4547200000	103333.978900000	13592.7884900000	74329.5184000000
25311.8964700000	135149.883900000	12624.6118800000	55993.4709400000
22751.6625700000	135103.893700000	11778.1003000000	52804.2620900000
17038.8181000000	125554.839000000	5250.17366000000	77777.1583700000
23430.9284400000	118493.164400000	13234.2017400000	87617.1280000000
23016.8306900000	90543.8167500000	13125.7701700000	92343.7799900000
31933.9703600000	91629.5794900000	13206.4841000000	86174.8261100000
30780.2488700000	87109.9392500000	11943.2076900000	114067.504100000
27372.7470800000	80492.4337100000	12825.7981500000	104457.807300000
27034.3930300000	99922.1309400000	15601.9441300000	100464.913400000
23059.2324100000	82940.5179500000	11727.1354800000	71106.8614600000
19894.5362200000	71557.5917200000	10117.6794600000	61348.0105000000
206.041510000000	35159.7562100000	2415.68852000000	24417.5347100000
209.719860000000	58714.4743000000	1738.55470000000	17986.6835800000
225.371300000000	39388.9504200000	1128.98952000000	20362.4566900000
159.514520000000	45875.8395600000	607.205610000000	19000.7197800000
112.613600000000	53370.4686600000	840.199510000000	26063.1557700000
92.2010100000000	63236.5874800000	491.358870000000	29031.1235900000
46.9097500000000	51051.5076600000	324.989700000000	27687.7468300000
22.0506600000000	53529.7480600000	399.542990000000	23404.5935200000
22.4104600000000	56671.2392000000	382.176270000000	24922.3190400000
43.6092900000000	57683.0736100000	278.884860000000	25087.4346300000
108.633380000000	59327.2171200000	231.572360000000	30714.0540100000
193.008410000000	50886.0529100000	251.431770000000	23885.0469200000
277.582580000000	47325.5129800000	159.309100000000	24200.1217300000
234.826100000000	66913.2640000000	409.561970000000	59622.9888300000
222.395440000000	60613.3767700000	150.842890000000	60348.7270100000
2631.54266000000	56397.1717800000	0	77651.6418800000
7304.87572000000	66625.1652400000	160.249670000000	62906.8186800000
17073.1162500000	75104.7046000000	368.239840000000	55737.1731900000
9159.21469000000	67804.2174600000	1713.14979000000	61236.1442800000
37988.2497400000	68481.2978300000	2004.61424000000	83619.0319600000
13100.0919900000	66077.1796000000	174.938920000000	63338.7132200000
24718.1290600000	78354.4958300000	2722.97344000000	91418.0355100000
30807.3565300000	69368.1090700000	2760.92872000000	83765.3522100000
30338.6375700000	31975.5796200000	2124.53657000000	65888.3892300000
36633.9108600000	36455.8994200000	1623.25816000000	93080.0384000000
38792.7125500000	44015.9455800000	1794.89847000000	85406.9540600000
46275.0679300000	42518.7609000000	2029.19397000000	72233.6007200000
13295.0839200000	44937.4548100000	1039.06800000000	61883.5048800000
12290.3861400000	50679.0128000000	1117.92000000000	52170.1512300000
14263.1030500000	57672.5355900000	904.159750000000	62261.6253900000
13251.1060700000	64737.9942200000	876.908000000000	61480.9687700000
13736.9861500000	62994.3222100000	883.304000000000	63187.0500500000
12830.6525000000	64800.6009800000	979.104000000000	60464.8362400000
13482.3706700000	53625.3825700000	1302.36000000000	70881.7074500000
14655.8462200000	54173.6594600000	1490.96800000000	82842.4126900000
13105.8178600000	57900.1579500000	1672.60800000000	63673.9954500000
13366.8179800000	56202.1694400000	1628.51478000000	73750.9953200000
13716.0977700000	62177.7920600000	1664.46092000000	74118.5725700000
13427.3637600000	43348.3562100000	1574.17897000000	62929.1242700000
13166.8368600000	46771.8532800000	1608.12074000000	62567.3856600000
15958.4645500000	47379.6151600000	1905.60868000000	73097.9692300000
14718.3415000000	46726.9169700000	1778.36477000000	75463.5227400000
13987.7925900000	47112.8577700000	1805.99471000000	71627.3883400000
15249.1841000000	47748.8623000000	2002.70819000000	72494.1092500000
16194.4155900000	46187.6087700000	1977.95132000000	70937.1212300000
15925.8072800000	46283.9324500000	1926.10282000000	70077.8305700000
16314.5127200000	45062.2572000000	1935.95905000000	70919.3672900000
15307.8472800000	43136.4768900000	1882.48955000000	40433.4573000000
12928.5560200000	39420.3286800000	1564.34093000000	38976.1500400000
8729.99171000000	31318.4683200000	1461.54042000000	17062.7917500000
0	0	0	0
0	0	0	0
0	0	0	0
0	0	0	0
0	0	0	0
0	0	0	0
0	0	0	0
0	0	0	0
0	0	0	0
0	0	0	0
108.633380000000	314.251480000000	231.572360000000	218.148550000000
193.008410000000	361.880070000000	251.431770000000	693.623240000000
277.582580000000	231.629720000000	159.309100000000	666.506000000000
234.826100000000	334.502650000000	409.561970000000	33019.3998700000
222.395440000000	852.911960000000	150.842890000000	35921.4979700000
2631.54266000000	7509.26490000000	0	52038.6870400000
7304.87572000000	15810.4026800000	160.249670000000	46181.9597600000
17073.1162500000	25669.8601000000	368.239840000000	37902.5820100000
9159.21469000000	26101.2104800000	1713.14979000000	50419.9690000000
37988.2497400000	24293.0930800000	2004.61424000000	53534.5869000000
13100.0919900000	25610.3968600000	174.938920000000	36861.1097200000
24718.1290600000	39628.4023000000	2720.50527000000	72752.7874300000
30807.3565300000	34662.6279200000	2738.08678000000	72893.0086400000
30338.6375700000	31975.5796200000	2121.88540000000	65511.7239600000
36633.9108600000	36455.8994200000	1601.09217000000	78618.9547800000
38792.7125500000	44015.9455800000	1774.32796000000	73724.9190000000
46275.0679300000	42518.7609000000	2029.19397000000	70170.0007200000
13295.0839200000	44937.4548100000	1039.06800000000	61883.5048800000
12290.3861400000	50679.0128000000	1117.92000000000	52170.1512300000
14263.1030500000	57672.5355900000	904.159750000000	62261.6253900000
13251.1060700000	64737.9942200000	876.908000000000	61480.9687700000
13736.9861500000	62994.3222100000	883.304000000000	63187.0500500000
12830.6525000000	64800.6009800000	979.104000000000	60464.8362400000
13482.3706700000	53625.3825700000	1302.36000000000	70881.7074500000
14655.8462200000	54173.6594600000	1490.96800000000	82842.4126900000
13105.8178600000	57900.1579500000	1672.60800000000	63673.9954500000
13366.8179800000	56202.1694400000	1628.51478000000	73750.9953200000
13716.0977700000	62177.7920600000	1664.46092000000	74118.5725700000
13427.3637600000	43348.3562100000	1574.17897000000	62929.1242700000
13166.8368600000	46771.8532800000	1608.12074000000	62567.3856600000
15958.4645500000	47379.6151600000	1905.60868000000	73097.9692300000
14718.3415000000	46726.9169700000	1778.36477000000	75463.5227400000
13987.7925900000	47112.8577700000	1805.99471000000	71627.3883400000
15249.1841000000	47748.8623000000	2002.70819000000	72494.1092500000
16194.4155900000	46187.6087700000	1977.95132000000	70937.1212300000
15925.8072800000	46283.9324500000	1926.10282000000	70077.8305700000
16314.5127200000	45062.2572000000	1935.95905000000	70919.3672900000
15307.8472800000	43136.4768900000	1882.48955000000	40433.4573000000
12928.5560200000	39420.3286800000	1564.34093000000	38976.1500400000
8729.99171000000	31318.4683200000	1461.54042000000	17062.7917500000
0	0	0	0
0	0	0	0
0	0	0	0
0	0	0	0
0	0	0	0
0	0	0	0
0	0	0	0
0	0	0	0
0	0	0	0
0	0	0	0
0	0	0	0
0	0	0	0
0	0	0	0
0	0	0	0
0	0	0	0
0	0	0	0
0	0	0	0
0	0	0	0
0	0	0	0
0	0	0	0
0	0	0	0
0	0	0	0
0	0	0	0
0	114699.611000000	0	1418.58720000000
0	110203.944000000	0	1506.56160000000
0	104256.200600000	0	1655.01840000000
0	85263.8106000000	0	208.939200000000
0	60083.2672000000	0	0
0	70666.1154000000	0	0
0	48658.9840000000	0	0
0	42182.3386000000	0	0
0	38947	0	0
0	27364.4000000000	0	0
0	21152.6000000000	0	0
0	18681.8000000000	0	0
0	14534.8000000000	0	0
0	13728.6000000000	0	0
0	4622.60000000000	0	0
0	0	0	0
0	0	0	0
0	0	0	0
0	0	0	0
0	0	0	0
0	0	0	0
0	0	0	0
0	0	0	0
0	0	0	0
0	0	0	0
0	0	0	0
0	0	0	0
7149.21799000000	58992.2733400000	5987.73238000000	58939.9000700000
7421.57681000000	61991.9451100000	5240.53342000000	45019.5867500000
6600.89198000000	60572.1283900000	6070.86451000000	54408.9859700000
6158.67953000000	64793.2050300000	5555.03135000000	50069.4392600000
4851.43175000000	76929.9650300000	8052.48810000000	50035.6345100000
9001.48766000000	75736.3252600000	7022.35910000000	49621.5830300000
10793.6629600000	83085.6349100000	5720.88750000000	47702.2105200000
9926.66088000000	80852.6940300000	4288.56812000000	41239.7455900000
7302.12523000000	63011.7501100000	7702.24314000000	28200.4089900000
7903.33897000000	50063.8066600000	8802.09069000000	47182.0307400000
8079.17627000000	49569.2252500000	12387.8033000000	52113.9789000000
9961.54983000000	58559.3939400000	11621.7200900000	55683.8714500000
15358.9118800000	69658.1623100000	13961.3387400000	80083.7074100000
20863.5462000000	82722.1862400000	16683.7465600000	92366.5888800000
18774.8980300000	62232.7463600000	12696.9052900000	88292.7169800000
18133.6760300000	61272.7761000000	13390.4396300000	89125.8638200000
19039.9209100000	64867.4482000000	14091.7875200000	101070.866600000
26453.3498300000	77796.9709700000	18957.3384300000	157749.245400000
32857.3499400000	88521.3851100000	17741.5491500000	172688.492400000
22888.8678900000	121472.039000000	20828.5145400000	198871.462200000
20797.8402000000	90728.6759500000	12792.3687700000	117957.812300000
17439.2727100000	103304.882000000	20466.8838600000	166239.678200000
12661.3229300000	120549.733300000	9490.18425000000	158905.410700000
12937.1013800000	99611.4437600000	14429.6686800000	187401.450900000
15167.0496600000	116781.646600000	11420.7284700000	148324.239300000
10478.0252600000	103559.810200000	15115.9385500000	112594.353200000
16446.5545400000	88745.7409800000	16380.7526100000	118629.133600000
12040.8455600000	90236.7028000000	14681.0111400000	95790.5106600000
11006.2314300000	92878.2636400000	13207.2697700000	102156.156100000
18140.7616800000	95876.0849800000	9246.58595000000	103677.160700000
16125.9531800000	99469.7940300000	8658.28507000000	102475.815000000
15172.1502700000	83075.7842500000	10384.2901200000	101545.196100000
15949.3860200000	73742.4758700000	8390.06939000000	101183.059500000
14749.2361600000	75854.6929300000	7371.69693000000	108619.859900000
16083.7830400000	81369.9140700000	6310.48154000000	96688.9564500000
20909.7895400000	67945.4877700000	11108.8198100000	116267.421200000
23685.4714100000	69114.8960700000	11787.4497900000	135050.808400000
24636.3974800000	81755.8301000000	12117.3564100000	127528.379900000
21086.9067600000	74843.5937400000	11043.0268500000	138838.518300000
24215.9369800000	86012.0649300000	12666.9421300000	125076.349700000
24591.6343900000	108844.874900000	13228.9962100000	123443.273500000
25267.9478200000	126404.809100000	12696.0928200000	121715.081000000
21844.7574300000	85298.7010600000	12104.6947800000	114808.684900000
17224.6247800000	60767.1419300000	13528.1775300000	110730.975600000
18296.9181000000	82821.4117400000	13281.1967100000	98282.7311400000
28662.7405800000	77064.2365800000	11200.5180100000	116680.189400000
26459.3133500000	80742.0174500000	12906.5069600000	118097.027000000
25046.0280800000	66758.2033000000	13546.1365300000	131540.645800000
34281.4705200000	68526.8951200000	13602.3893700000	143865.854700000
27660.4924800000	61774.3165800000	8829.48292000000	116985.392800000
0	0	0	0
0	0	0	0
0	0	0	0
0	0	0	0
0	0	0	0
0	0	0	0
0	0	0	0
0	0	0	0
0	0	0	0
0	0	0	0
8079.17627000000	45823.5733400000	12387.8033000000	51304.3039000000
9961.54983000000	55931.7112200000	11621.7200900000	54798.4714500000
15358.9118800000	66445.5187000000	13961.3387400000	78639.1074100000
20863.5462000000	78278.5442700000	16677.9215600000	85376.5888800000
18774.8980300000	57538.4412500000	12696.9052900000	81931.8169800000
18133.6760300000	57097.5771600000	13390.4396300000	83429.0138200000
19039.9209100000	62208.3016200000	14091.7875200000	92112.0166400000
26453.3498300000	74461.2832100000	18957.3384300000	138049.095400000
32857.3499400000	86685.2036200000	17741.5491500000	150052.542400000
22888.8678900000	116857.094500000	20828.5145400000	184413.812200000
20797.8402000000	89069.7214800000	12792.3687700000	115289.962300000
17361.5587100000	102844.528300000	20268.9243800000	164631.777400000
12597.8615900000	119945.511700000	9447.36625000000	158188.457600000
12937.1013800000	98452.9338600000	14401.1238500000	187030.732600000
15167.0496600000	114555.539000000	11404.0980900000	148108.255700000
10478.0252600000	102937.143500000	15104.8003900000	112511.388200000
16446.5545400000	84920.8730400000	16363.3074900000	118502.796400000
12040.8455600000	87666.0914500000	14642.0416000000	95536.2427100000
11006.2314300000	90859.1160500000	13200.3500200000	102102.632900000
18054.0958700000	95418.0458300000	9225.16358000000	103436.962800000
16029.0451600000	98872.0358500000	8647.87113000000	102352.560000000
15077.4545800000	82557.2737400000	10372.4601900000	101429.514200000
15833.0530800000	73204.6069000000	8375.73476000000	101010.186000000
14749.2361600000	75106.8526300000	7363.09678000000	108493.139400000
16083.7830400000	80756.3443400000	6302.13228000000	96561.0296600000
20909.7895400000	67187.1115100000	11091.9860800000	116091.235500000
23685.4714100000	68360.6078500000	11763.2017700000	134772.994800000
24636.3974800000	80835.0096100000	12096.8295200000	127312.345700000
21086.9067600000	73975.1074400000	11006.2792500000	138376.508600000
24215.9369800000	85122.0125000000	12633.8540300000	124749.629900000
24591.6343900000	107904.550000000	13177.5067600000	122962.812100000
25267.9478200000	125251.414500000	12658.9007200000	121358.527300000
21844.7574300000	84522.0493800000	12082.4164300000	114597.383000000
17224.6247800000	59912.1921200000	13513.9348200000	110614.395800000
18296.9181000000	81952.7283800000	13254.6440300000	98086.2377000000
28662.7405800000	76166.7749300000	11178.9207200000	116455.202300000
26459.3133500000	79869.0286600000	12873.1353600000	117791.670200000
25046.0280800000	66046.8446900000	13511.5895000000	131205.174400000
34281.4705200000	67640.8675300000	13571.9164100000	143543.557100000
27660.4924800000	61394.6050400000	8801.84819000000	116619.248800000
0	0	0	0
0	0	0	0
0	0	0	0
0	0	0	0
0	0	0	0
0	0	0	0
0	0	0	0
0	0	0	0
0	0	0	0
0	0	0	0
0	0	0	0
0	0	0	0
0	0	0	0
0	0	0	0
0	0	0	0
0	0	0	0
0	0	0	0
0	0	0	0
0	0	0	0
0	0	0	0
0	0	0	0
0.155500000000000	7.88539000000000	0	0
0.285470000000000	19.2942100000000	0.0283700000000000	1.05115000000000
0.0350200000000000	16.3554100000000	0.588030000000000	6.23700000000000
0	22.0746600000000	5.97192000000000	18.4253600000000
0	17.0477700000000	9.92276000000000	64.1487200000000
0	16.1834000000000	8.25430000000000	59.1745000000000
0	23.7464700000000	14.5827800000000	79.0226200000000
0	40.4719400000000	21.4830300000000	56.9419600000000
0	38.4990200000000	31.6009000000000	48.2164400000000
0	40.6253800000000	22.7724100000000	42.7870000000000
0	54.1264000000000	23.8520900000000	46.9550500000000
0	5.72590000000000	16.9047200000000	49.3740900000000
2.17103000000000	17.2112400000000	5.64385000000000	8.61276000000000
5.86021000000000	25.1932100000000	15.3130100000000	22.0855600000000
19.7574800000000	79.5751800000000	50.8809600000000	77.9347800000000
16.9732400000000	63.6134900000000	44.8747800000000	28.0181300000000
17.8200700000000	66.7509500000000	44.5847000000000	69.8285200000000
13.1848700000000	55.2614700000000	52.7306100000000	115.109810000000
7.72877000000000	27.5371300000000	29.9564600000000	48.7164700000000
8.71968000000000	31.7015500000000	35.9811400000000	55.9168900000000
31.3645000000000	98.5313300000000	21.4157300000000	99.0942800000000
17.0552200000000	117.100280000000	17.6543000000000	44.5766400000000
17.6661700000000	681.218560000000	15.0409600000000	37.8817700000000
19.5955600000000	1098.56767000000	18.0800000000000	50.3999200000000
213.562660000000	1113.82111000000	33.0801900000000	28.8305400000000
256.188240000000	1121.18630000000	32.5389400000000	802.904650000000
248.700400000000	956.161870000000	29.1733500000000	845.758010000000
311.192550000000	896.491770000000	59.0721200000000	856.535300000000
305.858140000000	857.155130000000	80.7861200000000	878.911750000000
0	0	0	0
0	0	0	0
0	0	0	0
0	2851.78519000000	0	40713.1535000000
0	3183.42730000000	0	45447.8000700000
0	3045.90136000000	0	43484.4285000000
0	6452.51120000000	0	67297.9952300000
0	8151.69080000000	0	85019.9919900000
0	9004.76154000000	0	93917.2955800000
0	9320.63572000000	0	97211.7801700000
0	9273.68365000000	0	96722.0823100000
0	9200.57297000000	0	110203.614100000
0	9403.62324000000	0	112635.731300000
0	9200.73487000000	0	110205.553600000
0	10019.5747000000	0	120013.541400000
0	8664.77290000000	0	103785.850300000
0	7861.64884000000	0	158492.456100000
0	7966.76114000000	0	160611.541500000
0	8032.83173000000	0	161943.538100000
0	9300.61471000000	0	187502.303600000
0	9703.79540000000	0	195630.509900000
0	10509.3894300000	0	181505.186400000
0	7541.87041000000	0	130253.864800000
0	6769.25377000000	0	116910.184800000
0	6587.08598000000	0	113764.008400000
0	5625.41548000000	0	97155.2243100000
0	8144.33861000000	157.773250000000	125308.985100000
0	8299.83848000000	160.785650000000	127701.510200000
0	8483.13306000000	164.336450000000	130521.684800000
0	9270.39824000000	179.587450000000	142634.565600000
0	8297.45966000000	160.739580000000	127664.909600000
0	4452.66030000000	326.678920000000	113483.743700000
0	5617.10244000000	412.110690000000	143161.563600000
0	5221.89403000000	383.115390000000	133088.994800000
0	5933.05025000000	435.290900000000	151214.040400000
0	5555.11663000000	407.562990000000	141581.748100000
2407.63750000000	3926.43594000000	3960.31194000000	200230.639000000
2694.29113000000	4393.91797000000	4431.82721000000	224070.125400000
2933.46795000000	4783.97347000000	4825.24804000000	243961.210500000
2521.99315000000	4112.93007000000	4148.41506000000	209741.002400000
3081.85614000000	5025.96872000000	5069.33111000000	256301.882700000
609.600650000000	11106.2541800000	977.576080000000	178159.442600000
719.290780000000	13104.6881200000	1153.47891000000	210217.044800000
756.828250000000	13788.5804000000	1213.67531000000	221187.607800000
925.335600000000	16858.5990000000	1483.89934000000	270434.887200000
862.656430000000	15716.6536200000	1383.38492000000	252116.527900000
941.747090000000	5118.92854000000	0	322511.493800000
842.312190000000	4578.44368000000	0	288458.939500000
714.599800000000	3884.25462000000	0	244722.454600000
706.654170000000	3841.06541000000	0	242001.372400000
0	0	0	0
0	0	0	0
0	0	0	0
0	3251.85780000000	0	46424.7399600000
0	3639.07957000000	0	51952.8627800000
0	3223.68577000000	0	46022.5454400000
0	4290.26523000000	0	44746.3384400000
0	4322.61204000000	0	45083.7071800000
0	4937.20144000000	0	51493.7129800000
0	4868.91374000000	0	50781.4901100000
0	5631.93905000000	0	58739.6434400000
0	6747.94882000000	0	80826.3084700000
0	9155.90224000000	0	109668.552100000
0	10905.5235300000	0	130625.354800000
0	10103.0521300000	0	121013.426300000
0	8543.75945000000	0	102336.362100000
0	7394.31704000000	0	149070.950500000
0	11687.4995400000	0	235622.392600000
0	14543.1528500000	0	293192.950000000
0	17297.7326700000	0	348725.845200000
0	17552.3807000000	0	353859.602000000
0	17359.8543700000	0	299817.949600000
0	12449.3284000000	0	215009.414100000
0	12208.0822400000	0	210842.909200000
0	11213.0809600000	0	193658.476400000
0	12053.9682400000	0	208181.242100000
0	14557.1746700000	282.003630000000	223977.031600000
0	13247.6918300000	256.636160000000	203829.297600000
0	13911.3965900000	269.493510000000	214041.074900000
0	13012.8381400000	252.086540000000	200215.833800000
0	17986.3160000000	348.433440000000	276737.880700000
0	12322.1357400000	904.039770000000	314050.925700000
0	12131.7835900000	890.074210000000	309199.471800000
0	12572.0922600000	922.378380000000	320421.499200000
0	12491.1448500000	916.439500000000	318358.415200000
0	11930.6731400000	875.319310000000	304073.824600000
3665.10235000000	5977.14137000000	6028.71015000000	304807.425800000
4326.13809000000	7055.17505000000	7116.04479000000	359782.313200000
4112.27875000000	6706.40789000000	6764.26855000000	341996.749600000
4074.47519000000	6644.75685000000	6702.08563000000	338852.824600000
3627.47436000000	5915.77668000000	5966.81603000000	301678.101100000
817.944460000000	14902.0500300000	1311.68329000000	239049.177100000
780.422550000000	14218.4420600000	1251.51185000000	228083.175000000
863.536040000000	15732.6788300000	1384.79548000000	252373.594900000
962.450890000000	17534.7988100000	1543.41868000000	281282.053200000
874.158970000000	15926.2170800000	1401.83075000000	255478.211600000
1184.03336000000	6435.89181000000	0	405485.064500000
1114.32535000000	6056.98919000000	0	381612.793000000
970.067830000000	5272.86794000000	0	332210.246000000
636.130480000000	3457.72949000000	0	217849.787500000
0	0	0	0
0	0	0	0
0	0	0	0
0	6327.85068000000	146.549400000000	12446.7721200000
0	6163.94334000000	156.705300000000	12418.3098600000
0	7159.57386000000	185.213160000000	14370.0228000000
0	8165.05662000000	216.976800000000	16068.6504000000
0	7424.97702000000	203.220660000000	15743.0193000000
0	7796.65500000000	217.870620000000	15953.4292200000
0	8223.61332000000	210.953640000000	16312.3151400000
0	10135.3702200000	257.270100000000	20508.2269200000
22.3128600000000	12892.3674600000	329.486460000000	26058.8706000000
45.8194200000000	11492.8185600000	316.808520000000	23037.0727200000
10.4875200000000	9306.30432000000	301.149420000000	19896.1356000000
17.6059200000000	10837.7547600000	611.295600000000	23228.3880600000
19.0357200000000	11553.0400800000	630.424680000000	24576.6904800000
33.0001800000000	13740.8892600000	768.831420000000	27551.0986800000
37.7369400000000	14713.7643600000	641.459040000000	28713.8600400000
41.9415000000000	16682.5904400000	741.875640000000	33009.7264800000
26.3013600000000	10897.4852400000	562.103820000000	21588.3952800000
30.5530200000000	12605.6043000000	625.979880000000	26302.8160800000
10.6600800000000	5928.92592000000	313.095540000000	11475.4273800000
17.8885200000000	6916.86888000000	310.515060000000	12005.3629800000
0	8356.54896000000	395.861280000000	15122.8188000000
0	10054.2796800000	329.569320000000	19020.9033600000
0	11462.7237000000	374.869200000000	20547.1687800000
0	0	0	0
0	0	0	0
0	0	0	0
0	0	0	0
0	0	0	0
0	0	0	0
0	0	0	0
0	0	0	0
0	0	0	0
0	0	0	0
0	0	0	0
0	0	0	0
0	0	0	0
0	0	0	0
0	0	0	0
0	0	0	0
0	0	0	0
0	0	0	0
0	0	0	0
0	0	0	0
0	0	0	0
0	0	0	0
0	0	0	0
0	0	0	0
363.560680000000	5422.59499000000	2626.59887000000	15476.1468400000
128.028490000000	4981.22439000000	1025.54430000000	6088.28815000000
73.0146300000000	4823.74320000000	712.228490000000	5976.26579000000
31.1301700000000	4473.04225000000	905.378120000000	8919.05623000000
102.387900000000	5042.23002000000	2020.59925000000	16735.8462600000
116.666090000000	3923.06410000000	2028.77556000000	15101.2736000000
141.774270000000	4239.92984000000	3300.24340000000	30753.7475700000
32.2927500000000	3126.32970000000	4858.19775000000	28901.6172300000
39.9632400000000	889.528200000000	4761.80860000000	20140.8705800000
35.1571200000000	1242.49863000000	5887.10895000000	22089.6604100000
483.042780000000	1860.88776000000	5426.77804000000	21905.5701400000
551.560990000000	1843.09434000000	3431.69396000000	15115.7334600000
323.318940000000	1808.30560000000	3562.65242000000	21099.4264300000
279.127810000000	2139.62598000000	6108.35757000000	19464.2147600000
690.441800000000	6503.16341000000	3343.34901000000	18009.0264400000
689.561980000000	6612.67407000000	3517.94753000000	16813.7757600000
899.383390000000	6515.42813000000	2989.56539000000	13837.7125100000
1842.24202000000	8835.73263000000	4435.37774000000	17037.2549000000
1688.22481000000	10084.7743800000	4215.77331000000	22005.9769400000
158.760000000000	17594.0100000000	4774.14000000000	41980.6800000000
413.910000000000	10642.5900000000	3107.16000000000	67507.0200000000
504.630000000000	2625.21000000000	884.520000000000	21676.4100000000
34.0236300000000	1088.75589000000	1440.33337000000	48047.0254200000
11.0699400000000	672.566900000000	2635.18778000000	13521.2674800000
8.50500000000000	2606.18086000000	381.645830000000	1922.80932000000
63.1786000000000	2783.09784000000	503.808760000000	2344.62761000000
188.465020000000	1106.08438000000	194.810140000000	2580.86357000000
149.855150000000	2467.07512000000	129.199400000000	2515.94678000000
294.173210000000	207.230730000000	46.4413300000000	757.506050000000
264.727420000000	242.588060000000	261.352530000000	1407.60472000000
97.3360400000000	216.812350000000	210.737290000000	842.274020000000
191.350140000000	206.607490000000	219.261680000000	264.214860000000
2.86154000000000	128.090570000000	54.2662700000000	466.501180000000
7.24144000000000	250.572890000000	41.8119400000000	550.356450000000
2.13407000000000	228.906010000000	26.6365300000000	558.876870000000
3.24840000000000	318.257840000000	40.0127400000000	725.759600000000
9.19391000000000	692.203520000000	54.5177300000000	913.289070000000
12.2976100000000	1030.77657000000	35.1585400000000	1597.56746000000
37.8341500000000	986.266000000000	50.3295300000000	1969.95288000000
11.9889300000000	411.948970000000	103.051290000000	761.258620000000
7.56372000000000	216.575970000000	85.8201600000000	1389.00989000000
8.04902000000000	238.586910000000	41.1411200000000	2616.01400000000
3.23989000000000	83.8855000000000	35.7412400000000	413.306880000000
5.01631000000000	232.051890000000	12.7792200000000	1110.85398000000
15.9300900000000	241.503100000000	6.63452000000000	1574.75694000000
18.9126800000000	237.556220000000	6.48733000000000	1356.11006000000
27.9837200000000	231.317180000000	16.3360600000000	1231.44575000000
7.37707000000000	177.899370000000	5.09965000000000	749.738260000000
2.76872000000000	68.0059800000000	5.25031000000000	583.102460000000
3.21427000000000	58.2515400000000	0.871650000000000	404.502620000000
890.680730000000	16969.2778200000	4789.84483000000	238299.309600000
432.003950000000	17380.3920400000	4377.90081000000	248158.102800000
420.673320000000	19371.6263200000	4424.63233000000	271497.322200000
484.854810000000	20844.7693500000	4473.79331000000	290733.791400000
418.822480000000	19722.5968400000	6060.68133000000	334250.542400000
645.637830000000	19356.3739700000	5395.09049000000	357643.086900000
460.510410000000	20714.2803300000	4987.03008000000	369239.751000000
583.205250000000	21752.6652200000	4588.39344000000	362445.578300000
644.470690000000	25285.6699600000	5837.19233000000	408274.520300000
849.846560000000	33334.8260800000	6993.61123000000	475796.123800000
956.064480000000	34568.3900700000	6849.74103000000	481902.698400000
913.961710000000	35544.2975400000	6903.91691000000	492566.777000000
1050.19951000000	43790.7725800000	8478.24224000000	577909.670100000
1183.39950000000	50483.6399800000	8328.89476000000	606234.474000000
1682.65059000000	56689.4181900000	8325.56116000000	584359.031500000
1596.50869000000	58281.4842000000	8024.60912000000	515804.181900000
1292.23381000000	58246.8553700000	8167.02767000000	525397.277500000
1298.30094000000	51866.2024400000	7770.95187000000	530457.010100000
1403.88117000000	53129.2337100000	7559.21685000000	535469.795300000
2329.60258000000	60653.2884100000	11068.4259400000	641208.238400000
2713.33552000000	47348.4745500000	11976.1906000000	668448.105200000
1408.47324000000	39613.5228000000	7393.31069000000	712573.333300000
2166.92445000000	36393.6276800000	4927.85485000000	681585.575600000
1583.41573000000	32282.5155000000	4056.68016000000	680908.732200000
1888.81635000000	49514.0130800000	17767.9744300000	923683.005000000
1821.11138000000	46757.7425500000	1610.78593000000	892747.400800000
1967.98253000000	52221.2839500000	1774.56141000000	879531.778100000
2143.89518000000	56019.1436000000	981.138130000000	964291.570000000
2366.36471000000	55047.9798500000	1321.76759000000	1041526.44200000
2120.89345000000	60529.7318000000	8583.17254000000	1097660.55700000
1973.92248000000	44601.7658300000	21093.5378800000	1034388.71300000
2230.69007000000	34902.4017100000	36381.3067800000	1141437.27000000
3385.65082000000	53593.3967300000	32861.2153500000	1191810.86100000
2929.54512000000	36324.8814700000	30895.9696400000	1145393.10500000
2868.90750000000	40951.3348000000	28043.2808400000	1285764.19000000
2697.93242000000	30754.5974200000	25668.6071900000	1326625.30400000
2408.17459000000	20354.1640300000	3347.12139000000	1416541.09000000
1195.58303000000	15073.6734400000	4757.37590000000	1607992.66500000
463.805080000000	11201.9957800000	3348.53417000000	1593847.07100000
420.465800000000	18326.8566500000	6117.03338000000	1569815.25700000
600.952820000000	21455.9157400000	1579.36575000000	1419903.30700000
899.771800000000	23011.6358600000	1157.46402000000	1359047.77000000
284.609590000000	33197.5306300000	1227.23465000000	1465879.68700000
1735.03626000000	24325.8102800000	1225.17359000000	1505808.14400000
1578.55485000000	17364.0339000000	1464.28749000000	1582476.78700000
697.242590000000	6342.14175000000	1521.61694000000	1456817.51800000
1052.00504000000	10814.8235000000	1788.00199000000	1489394.67300000
1409.18392000000	6868.40354000000	18462.4576400000	1528409.56600000
1731.15500000000	16013.4684800000	14128.3951200000	1351021.62000000
1312.20467000000	21979.1771400000	14851.9817100000	1462021.14200000
493.914920000000	8816.38131000000	407.479810000000	10384.5611700000
480.697890000000	8580.45699000000	396.575730000000	10106.6727000000
502.721360000000	8739.16816000000	397.500650000000	14076.1986400000
502.560030000000	8736.36297000000	397.373040000000	14071.6802700000
527.768110000000	9174.57366000000	417.305050000000	14777.5073200000
564.878330000000	10367.5148200000	439.349810000000	11970.8564000000
586.804580000000	10769.9380600000	456.403560000000	12435.5146700000
573.778050000000	10707.1087300000	430.333580000000	12530.9032900000
630.267700000000	11761.2455100000	472.700760000000	13764.5964700000
686.307390000000	8991.69929000000	621.966110000000	15366.8516200000
699.124130000000	9159.61858000000	633.581260000000	15653.8263200000
617.503850000000	9625.47669000000	704.171060000000	16049.6834100000
661.224070000000	10306.9747200000	754.027430000000	17186.0248400000
1612.24100000000	14170.7497400000	631.107520000000	19399.9260900000
1544.09587000000	13571.7900000000	604.432260000000	18579.9430000000
1245.50810000000	7557.84929000000	726.104710000000	15666.9022100000
1383.61658000000	8395.90298000000	806.619040000000	17404.1298800000
1602.80835000000	12746.4011700000	717.188800000000	20793.0422800000
1721.25288000000	13688.3363700000	770.187740000000	22329.6093000000
1801.10467000000	14323.3611600000	805.918050000000	23365.5171200000
1603.85286000000	12754.7078600000	717.656230000000	20806.5928800000
1538.15727000000	12232.2606300000	688.260200000000	19954.3313800000
1402.67032000000	11154.7951900000	627.635550000000	18196.6756400000
1468.55836000000	11678.7725500000	657.117640000000	19051.4333100000
1566.02976000000	12453.9181900000	700.731970000000	20315.9184900000
1459.48742000000	11606.6355000000	653.058760000000	18933.7570900000
1427.05192000000	11348.6908700000	638.545280000000	18512.9752100000
1613.36363000000	12830.3424700000	721.911860000000	20929.9747500000
1555.83183000000	12372.8185800000	696.168780000000	20183.6218000000
1595.79896000000	12690.6589100000	714.052400000000	20702.1106400000
1642.19822000000	13059.6509000000	734.814110000000	21304.0426700000
1469.13556000000	11683.3630900000	657.375950000000	19058.9218300000
1497.83278000000	11911.5785500000	670.216710000000	19431.2068100000
1525.18302000000	12129.0827300000	682.454780000000	19786.0185900000
1594.12223000000	12677.3244600000	713.302160000000	20680.3583400000
1566.74446000000	12459.6017000000	701.051770000000	20325.1899400000
1520.51012000000	12091.9212000000	680.363880000000	19725.3975200000
1606.24429000000	12773.7258200000	718.726270000000	20837.6166300000
1681.50566000000	13372.2448800000	752.402550000000	21813.9731900000
1699.09780000000	13512.1470300000	760.274250000000	22042.1938600000
1673.61667000000	13309.5074900000	748.872540000000	21711.6305000000
1533.40188000000	12194.4432900000	686.132360000000	19892.6404400000
1515.25995000000	12050.1691300000	678.014660000000	19657.2878800000
1400.85616000000	11140.3677600000	626.823750000000	18173.1404100000
1419.19041000000	11286.1720600000	635.027580000000	18410.9890800000
1411.79620000000	11227.3694000000	631.719000000000	18315.0651100000
1375.48499000000	10938.6025600000	615.471230000000	17844.0034100000
1420.42737000000	11296.0089500000	635.581070000000	18427.0358600000
1318.69536000000	10486.9807600000	590.060330000000	17107.2785800000
1185.59991000000	9428.53328000000	530.505670000000	15380.6465300000
0	0	0	0
0	0	0	0
0	0	0	0
0	0	0	0
0	0	0	0
0	0	0	0
0	0	0	0
0	0	0	0
0	0	0	0
0	0	0	0
0	0	0	0
0	0	0	0
0	0	0	0
0	0	0	0
0	0	0	0
0	0	0	0
0	0	0	0
0	0	0	0
0	0	0	0
0	0	0	0
0	0	0	0
-63.0474500000000	-35065.7734000000	-1851.75814000000	-67869.7524500000
-81.7367900000000	-31604.7585500000	-1418.81455000000	-54855.2535800000
0	-21902.1255300000	-1037.53395000000	-39636.2035700000
0	-9764.51284000000	-320.071020000000	-18472.7161900000
0	-30609.6189300000	-1001.03632000000	-54868.3735800000
0	-42194.3591500000	-1437.66610000000	-75620.0960500000
0	-19332.3320300000	-646.806670000000	-33391.8209500000
0	-8660.32625000000	-296.763960000000	-15297.2796300000
36.3419300000000	8211.00611000000	294.521110000000	14597.7228100000
35.8961100000000	7517.18047000000	268.502790000000	13911.5310900000
-17.3187200000000	-3283.80327000000	-169.377100000000	-6765.99254000000
51.2186900000000	9574.81944000000	484.528680000000	19109.4322100000
0	0	0	0
0	0	0	0
0	0	0	0
0	0	0	0
0	0	0	0
0	0	0	0
0	0	0	0
0	0	0	0
0	0	0	0
0	0	0	0
0	0	0	0
0	0	0	0
0	0	0	0
0	0	0	0
0	0	0	0
0	0	0	0
0	0	0	0
2705.36287000000	14978.2232300000	1552.20650000000	19949.2693500000
2560.09215000000	14383.3495600000	1410.55500000000	17902.3145100000
2541.41180000000	13995.8060200000	1385.74256000000	16358.2287300000
2123.49463000000	13474.6995900000	1348.40754000000	15751.0283100000
2331.82971000000	13031.4161000000	1171.47841000000	14286.9109400000
2293.08684000000	11793.4643400000	1267.38348000000	13464.3561200000
2471.33048000000	12038.8653200000	1232.34844000000	11569.7568700000
2764.27211000000	10048.3863800000	1012.81454000000	10262.9879200000
2230.75469000000	9182.20234000000	1113.37687000000	10062.2764100000
2333.16455000000	7989.09176000000	971.738500000000	8541.37653000000
2393.90089000000	10198.9750700000	1008.65842000000	7405.11680000000
2392.18904000000	8100.20553000000	1050.12707000000	7917.49968000000
2466.90546000000	7489.46370000000	1005.39421000000	6417.38644000000
2383.40224000000	7733.43067000000	816.832940000000	6221.42338000000
2503.71958000000	6837.24954000000	805.372990000000	6008.75100000000
2311.22229000000	7029.47393000000	764.211590000000	5235.08622000000
1974.73161000000	7858.64086000000	709.148170000000	6383.57304000000
1958.13785000000	5956.49258000000	673.469690000000	4997.54109000000
1937.27310000000	5662.51395000000	551.394800000000	3785.11082000000
1792.13917000000	5873.68082000000	544.246050000000	4612.79766000000
1625.06272000000	8921.67545000000	439.301090000000	2470.23580000000
1419.75111000000	7366.28059000000	379.772360000000	3938.24796000000
1121.86918000000	6619.27567000000	286.342610000000	3346.93041000000
974.770950000000	5674.05280000000	246.129370000000	2808.21876000000
1311.50164000000	9838.10201000000	1103.62851000000	11818.5995200000
2122.04343000000	16099.6255800000	1895.16599000000	24710.2179000000
2202.36374000000	16683.4305600000	1792.07645000000	23858.3301700000
2130.96313000000	17106.0773800000	1728.51352000000	22187.6806000000
2126.43237000000	15642.8705100000	1749.06199000000	21659.0727300000
2205.58168000000	16979.9914000000	1825.66938000000	23725.4640500000
2642.57166000000	16612.6552600000	1734.68527000000	22775.7977100000
1934.67475000000	17184.0799100000	1895.50581000000	24257.8923100000
1817.33476000000	17317.1984900000	1724.74181000000	22789.9417300000
1775.83685000000	13996.4307100000	2948.01249000000	18059.2740400000
1916.04983000000	14423.9516200000	3140.00210000000	19614.7449300000
2137.38809000000	14855.7376000000	3407.52887000000	20570.3199400000
2281.80096000000	14299.2697200000	3433.96706000000	21074.7399100000
2384.03794000000	15170.1775000000	3612.28678000000	22081.4147400000
2464.31496000000	17007.4037000000	2588.97672000000	25857.4017900000
1740.48416000000	10014.0423800000	1782.49123000000	13034.2763800000
1764.48445000000	10271.2809700000	1800.20875000000	13422.5056000000
4754.81960000000	23618.4476700000	3283.01664000000	24133.3945900000
4744.19776000000	25107.4822900000	3237.68986000000	26066.9843100000
5142.83945000000	26080.1542700000	3467.97166000000	27304.5758400000
6266.39834000000	29831.6438700000	3939.07635000000	31408.9769900000
5470.87247000000	28048.1206100000	3802.05526000000	30087.4252200000
6368.17718000000	28715.6272600000	3914.37715000000	31811.0600700000
5611.05587000000	23211.6383500000	2670.35537000000	23900.4350800000
5473.46451000000	20506.3225600000	2446.09127000000	20178.7345900000
5218.01398000000	19578.4199200000	2371.30909000000	19893.0404300000
0	3605.23018000000	0	51469.6156700000
0	4025.13479000000	0	57464.3313000000
0	4417.86572000000	0	63071.1055200000
0	2338.36531000000	0	33383.3789100000
0	2338.79439000000	0	33389.5043000000
0	2281.87268000000	0	32576.8691600000
0	3061.58196000000	0	31931.4951100000
0	2860.06333000000	0	29829.7082100000
0	3190.32509000000	0	33274.2515900000
0	2971.28300000000	0	30989.7006400000
0	2654.07435000000	0	27681.2978700000
0	2667.25052000000	0	31948.0807100000
0	2733.23885000000	0	32738.4824500000
0	3385.96860000000	0	40556.8192900000
0	4338.95405000000	0	51971.5911700000
0	5843.09378000000	0	69988.0381200000
0	5622.45936000000	0	113349.936600000
0	6359.73791000000	0	128213.622900000
0	5532.19489000000	0	111530.185800000
0	5119.96331000000	0	103219.512900000
0	4854.38196000000	0	97865.3379900000
0	5007.34570000000	0	86480.6867100000
0	4389.39560000000	0	75808.2157900000
0	3934.47144000000	0	67951.3284800000
0	3378.19188000000	0	58343.9553800000
0	3402.11342000000	0	58757.0987300000
0	3262.59413000000	63.2034100000000	50198.3501800000
0	3276.28336000000	63.4686300000000	50408.9725900000
0	3973.18837000000	76.9691400000000	61131.5699800000
0	3655.29458000000	70.8108900000000	56240.4486900000
0	3288.31325000000	63.7016900000000	50594.0650700000
0	2273.28550000000	166.784420000000	57938.6092200000
0	1490.37330000000	109.344440000000	37984.7396700000
0	1410.77851000000	103.504790000000	35956.1292400000
0	1576.61540000000	115.671760000000	40182.7676500000
0	1446.60480000000	106.133220000000	36869.2239500000
447.220980000000	729.339250000000	735.631740000000	37193.0338400000
491.008550000000	800.749100000000	807.657650000000	40834.6146200000
597.682420000000	974.715580000000	983.125050000000	49706.1253500000
562.134160000000	916.742540000000	924.651880000000	46749.7621800000
598.788760000000	976.519820000000	984.944880000000	49798.1333700000
154.228260000000	2809.86933000000	247.325640000000	45074.1310400000
165.678540000000	3018.48105000000	265.687650000000	48420.5469300000
155.523550000000	2833.46855000000	249.402810000000	45452.6943500000
140.044230000000	2551.45160000000	224.579580000000	40928.7582900000
139.264140000000	2537.23992000000	223.328690000000	40700.7837000000
203.717000000000	1107.31716000000	0	69765.0886600000
199.889140000000	1086.51068000000	0	68454.2064800000
212.700680000000	1156.14858000000	0	72841.6488200000
227.369660000000	1235.88293000000	0	77865.2108000000
0	0	0	0
0	0	0	0
0	0	0	0
0	0	0	0
0	0	0	0
0	0	0	0
0	0	0	0
0	0	0	0
0	0	0	0
0	0	0	0
0	0	0	0
0	0	0	0
0	0	0	0
0	0	0	0
0	0	0	0
0	0	0	0
0	0	0	0
0	0	0	0
0	0	0	0
0	2478.68558000000	0	49970.8109200000
0	4157.42361000000	0	83814.5138800000
0	4669.20970000000	0	80640.8192400000
0	4004.03771000000	0	69152.7909100000
0	1142.31025000000	0	19728.5709400000
0	0	0	0
0	0	0	0
0	0	0	0
0	0	0	0
0	0	0	0
0	0	0	0
0	0	0	0
0	0	0	0
0	0	0	0
0	0	0	0
0	0	0	0
0	0	0	0
0	0	0	0
0	0	0	0
0	0	0	0
0	0	0	0
0	0	0	0
0	0	0	0
0	0	0	0
0	0	0	0
0	0	0	0
0	0	0	0
0	0	0	0
0	0	0	0
0	0	0	0
0	0	0	0
0	0	0	0
0	0	0	0
0	0	0	0
0	0	0	0
0	0	0	0
0	0	0	0
0	0	0	0
0	0	0	0
0	0	0	0
0	0	0	0
61117.0080000000	544792.540800000	76143.5640000000	1263154.54200000
64106.5650000000	543564.410300000	82741.2000000000	1417130.59800000
66452.2745900000	545354.546800000	80685.4076000000	1298785.61500000
68928.6087600000	558989.820000000	59801.7024000000	1475202.88400000
68924.3305500000	552641.824500000	63893.4471000000	1318822.73900000
53389.5267600000	512827.828500000	56862.1774000000	907777.086500000
57191.3578400000	470085.404900000	61234.4923200000	937611.413200000
53036.5583600000	470299.900500000	37834.2019200000	972691.378700000
48768.3308200000	353111.438500000	36269.1344700000	1067913.40500000
46405.7054900000	369489.510300000	13034.8019500000	863265.171800000
39530.2430600000	342828.529400000	34364.4324800000	1269586.61300000
41387.6308100000	347144.540600000	29958.2196500000	1396857.55700000
27131.9177400000	305303.839400000	11686.8585300000	1079600.59400000
31086.7336000000	284209.612200000	12742.6520300000	1096488.11400000
30493.3347600000	355581.302100000	13148.4842500000	1187661.12400000
17258.5073400000	384317.541200000	5760.20416000000	1283996.26500000
8799.57621000000	361875.751300000	2221.70791000000	1175793.28000000
18406.7286300000	482793.696300000	6005.34095000000	1268985.24300000
25007.2900000000	426072.978100000	8334.56976000000	1487071.77300000
19502.4898900000	474805.227800000	12401.1246000000	1613532.65900000
16965.7407500000	519334.555500000	9775.94601000000	1524339.00700000
17988.8814800000	556468.450400000	11706.1610500000	1571195.92400000
18768.9222500000	554379.029000000	8127.83744000000	1541693.43100000
21760.9656600000	578675.173600000	8626.42253000000	1586951.23800000
26594.2129300000	566417.940500000	9087.22970000000	1564607.22000000
28713.8992000000	589241.825000000	12085.1556400000	1649583.41600000
27251.6062600000	593353.894200000	10263.6904400000	1876123.13000000
28498.2407600000	665474.383900000	14812.5624300000	1805672.73400000
28626.5418900000	711380.425400000	11829.9144500000	1724187.59300000
27463.1574200000	658875.687700000	14138.3481000000	1626739.67000000
21433.6792500000	657307.064800000	15249.0468100000	1864820.66200000
21360.3932900000	598232.296600000	18420.6157100000	1769874.05400000
17453.8684100000	664409.052700000	11099.8679900000	1757387.68700000
15471.2194300000	705199.930700000	12818.7129800000	1655307.54300000
21069.3828700000	765703.794400000	10649.3842100000	1631596.91400000
17371.8502900000	717116.289700000	11649.5082800000	1158031.82500000
18793.0434500000	661028.583800000	5823.29421000000	1110117.99400000
19851.6989500000	655628.403800000	6464.62649000000	1143998.81300000
20713.0226400000	641673.945100000	5869.47913000000	1152341.94600000
18275.7304800000	628881.619600000	2335.70209000000	1021451.82600000
6583.73581000000	238939.084900000	12055.1243200000	401836.840400000
6883.55385000000	240425.819500000	10859.7657900000	416866.834000000
6317.18109000000	244083.462600000	11265.5098500000	442531.728300000
8727.57886000000	241185.863200000	11533.0041800000	510390.367100000
8379.33094000000	258720.572400000	13341.2281800000	549281.292800000
8050.78055000000	261942.514400000	15423.5936100000	552686.946500000
13279.7522400000	273210.661200000	16151.6719300000	592665.169100000
13996.9943600000	255829.901900000	17197.5619500000	625192.751400000
15899.3410300000	282149.537400000	19609.8819500000	652171.952800000
18824.2870300000	300964.157300000	17188.7176400000	685225.804100000
25595.8826400000	301782.599800000	18384.2607500000	700598.219300000
20852.1990100000	300404.827100000	14234.5697200000	724795.205600000
25225.3301300000	319060.444400000	15930.5552900000	791747.505400000
24717.3695800000	342556.446800000	19103.3485400000	848206.987200000
28568.5448600000	337909.794200000	22355.3396800000	860732.245400000
17633.5454200000	333731.215300000	23970.5904100000	813361.237100000
16144.0884400000	358504.369700000	23429.7759900000	949661.808800000
18294.8260000000	398906.009100000	21920.9547200000	1085289.87200000
21700.8184400000	419396.378300000	24012.3057700000	1168796.28700000
22029.9901100000	488325.266800000	25728.5218300000	1310594.46400000
16119.2175400000	435239.862500000	21365.6688800000	1401800.45900000
13078.2397700000	286421.054800000	16058.2772900000	1060456.81200000
11807.4132300000	282441.599300000	18361.0566200000	926327.271800000
12408.3693000000	423649.014600000	23300.1346300000	896948.391900000
18063.1457700000	451748.322400000	19882.9801500000	927851.732700000
18532.0683900000	433452.905700000	17237.7229600000	907783.553100000
18406.4483800000	427707.009500000	18449.6328300000	935042.152900000
18298.4687300000	437382.135700000	22154.5985200000	960599.187400000
19656.4073300000	466515.735800000	23699.0000400000	1052251.23200000
18434.7035800000	447991.379600000	21195.1311200000	1011472.29000000
18218.4232800000	442491.188500000	19974.4037700000	1139505.72300000
17369.5790200000	381109.391900000	21715.3947400000	1099645.41500000
22773.6891300000	396189.944300000	25518.1650700000	1191453
17681.3547300000	363165.608400000	28848.3722900000	1164589.22600000
19295.3752000000	383344.042800000	27209.2506500000	1194775.96300000
22969.5875200000	366187.674400000	24963.9765800000	1151996.18700000
26739.9828300000	393422.896400000	36988.6296900000	1303708.72100000
29267.4428600000	378944.458900000	35604.4383400000	1392677.04500000
37833.1050700000	371260.892800000	39325.7565800000	1323473.13000000
36734.0496800000	408192.634700000	38326.3869700000	1304767.71800000
34004.6902500000	378421.355900000	36937.5535000000	1278375.98900000
20860.9080100000	437774.693400000	20416.7167500000	1218357.19700000
27292.4082500000	435628.277500000	27888.0636400000	1214332.01100000
26819.3158800000	407486.988800000	29099.9931300000	1300384.41100000
35955.2233100000	412486.970800000	30933.0010700000	1387384.73800000
34640.9238500000	416481.664400000	29873.8752800000	1331911.89800000
31997.2779200000	387186.242900000	29032.3930600000	1625546.21800000
31589.0676600000	396548.424500000	31190.9749500000	1562144.49400000
27233.3542400000	340106.150600000	26565.0873200000	1371681.40800000
23253.8642600000	304752.679200000	24442.5471600000	1214199.38600000
17498.6418500000	397463.852600000	24757.3465200000	748038.949500000
17533.1808900000	390515.663800000	22868.3544300000	765743.487400000
16059.2188000000	398756.938500000	24272.7503800000	820093.032400000
17606.9479700000	411262.945300000	23688.6185300000	901783.788500000
16270.0995900000	448112.024700000	29328.0461500000	977896.778500000
20118.0347300000	443305.216400000	33011.3416500000	985226.366800000
27227.8583900000	472817.444600000	30038.5385700000	1033177.96600000
27644.0304800000	442087.910900000	27334.6246800000	1051373.36400000
26322.8880500000	458783.905600000	34637.3779300000	1110983.77200000
30243.1659100000	459244.430600000	34342.0865000000	1230913.07300000
37373.9348600000	472326.162400000	39405.4002500000	1256461.73900000
34613.0084900000	466320.060800000	34278.7683500000	1293119.83200000
45101.7519600000	497603.112200000	40775.8350600000	1476931.95600000
50633.4472100000	541442.976500000	50119.8683900000	1600830.11400000
53089.8459800000	523949.974400000	52476.8446700000	1596227.42300000
40318.4189000000	512546.679800000	54585.6282100000	1493125.95400000
40095.4815200000	546347.745500000	55683.7167500000	1664752.21300000
50522.8045100000	581244.324100000	57521.0254500000	1877219.43000000
59305.2628300000	614330.894700000	55571.8769700000	1986550.61200000
49774.3382300000	720491.599400000	59711.8027700000	2265664.85500000
42221.7141300000	661164.409700000	51969.5163400000	2291449.80600000
33476.4602200000	504762.830700000	49334.2074600000	2121570.80900000
27854.4775300000	497786.450800000	36991.8220400000	1938957.27400000
27935.6518400000	616289.043000000	58825.0261900000	1858567.87000000
36511.2455400000	766735.779900000	61399.4888900000	2072170.07200000
33145.7889700000	717641.020200000	40767.1455400000	1975362.25100000
39263.2675200000	679945.811500000	39790.0881500000	1967625.49400000
34724.1166400000	692385.575800000	39902.8672500000	2051318.37800000
35352.0229700000	685233.781000000	40468.7090300000	2224131.90600000
40938.0712100000	638276.142900000	41771.6947700000	2239696.18400000
39074.6687600000	614730.024600000	52186.3751400000	2307150.48400000
37809.5386700000	527282.469300000	71117.1963300000	2373764.66100000
44510.9075200000	552586.831500000	69289.0783400000	2512347.69100000
38230.0182400000	498889.583000000	71195.5767500000	2451824.64500000
40443.9747700000	528465.553100000	65808.5894900000	2611857.00800000
49147.8066100000	488964.043200000	66272.0179900000	2630919.08100000
55615.4589200000	499103.513300000	56779.9019800000	2889527.06600000
57571.9470000000	491584.152300000	57084.1930900000	3161894.13300000
61970.8837200000	474507.537700000	57160.0668500000	3087395.50000000
63282.9412100000	526127.278700000	59780.2179300000	3016682.94900000
61106.7154200000	519670.778000000	54398.6898800000	2837668.48000000
51955.0593800000	612901.410800000	38095.1642500000	2726516.29700000
54349.1602400000	580451.763100000	45283.5913500000	2826094.70200000
50921.8163700000	518990.936600000	48308.2456500000	2953080.37800000
62302.9721000000	542591.718900000	50277.3156300000	3106325.01600000
69602.5418000000	528006.115700000	46941.9268900000	2957734.09100000
65985.1088100000	508097.131700000	48509.0254200000	3289510.68500000
63791.2642400000	493452.791200000	66863.8570000000	3265615.58100000
68719.4442700000	447711.896800000	58222.7935000000	2910169.32100000
57444.5753900000	408126.378700000	50558.0557700000	2823373.94200000
0	40761.2330500000	391.560000000000	79038.1074800000
0	40761.2330500000	391.560000000000	90829.4051400000
0	39155.2466400000	933.720000000000	100657.445500000
0	25437.1231200000	843.360000000000	100807.975200000
0	22014.2353600000	301.200000000000	106592.064700000
0	24365.4482800000	753	111534.015100000
0	26068.4856100000	1114.44000000000	108119.596400000
0	19460.9473500000	1144.56000000000	109694.843800000
0	28688.5669400000	1174.68000000000	111190.877100000
0	26243.7876800000	662.640000000000	115468.732300000
0	29396.7622900000	692.760000000000	103585.845400000
0	28717.1473300000	1174.68000000000	105408.863100000
0	35019.7969000000	1204.80000000000	120975.224400000
0	48327.6998800000	1174.68000000000	132469.423700000
0	45149.7759700000	1265.04000000000	119903.642200000
0	46232.1396700000	1234.92000000000	128819.498300000
0	47574.0670600000	1204.80000000000	126720.502400000
0	51375.3894300000	1204.80000000000	134881.415500000
0	51425.2091700000	1355.40000000000	133360.563300000
0	67908.8079000000	1385.52000000000	121290.392800000
0	48548.0191200000	1295.16000000000	131245.990900000
0	49066.9982900000	1688.79111000000	118245.244900000
0	50062.8658500000	1963.12708000000	122823.588800000
0	41844.3029500000	1981.44300000000	117066.209200000
0	44870.6893500000	2199.82631000000	129385.487900000
0	58871.9428500000	2442.71742000000	141589.976500000
0	64759.8857500000	2414.85449000000	137450.006000000
0	63975.0868600000	2375.07128000000	137180.811000000
0	66328.2660200000	2615.64568000000	149202.374200000
0	72224.4487900000	2556.31012000000	143732.184200000
0	74601.0901600000	2922.99817000000	168518.406400000
0	77485.7193100000	2792.18822000000	166009.779800000
0	78430.9544200000	3118.92166000000	177538.990500000
0	73670.7981200000	3518.38690000000	171209.488100000
0	84212.5943800000	3285.53876000000	153170.320800000
0	87077.1592100000	3217.24792000000	149572.354600000
0	96547.5863600000	3357.31056000000	160121.444200000
0	94662.4031500000	3358.22609000000	178363.951300000
0	90638.1403700000	3288.71021000000	166241.551400000
0	92359.2315100000	3276.24915000000	166473.258100000
0	79106.5387900000	3312.61862000000	168905.002700000
0	81195.6572900000	3159.62432000000	181068.246600000
0	92524.4551300000	3095.71011000000	179084.516900000
0	78060.8183600000	3530.82429000000	183747.649700000
0	83032.9206100000	3585.36932000000	199414.207000000
0	83939.4767100000	3553.51555000000	182724.343500000
0	80056.1734200000	3907.20236000000	209138.189700000
0	77823.8246800000	3657.65503000000	185440.605600000
0	63318.0523800000	3358.04681000000	161082.107400000
0	57329.6345800000	3492.70044000000	146051.680400000
0	0	0	0
0	0	0	0
0	0	0	0
0	0	0	0
0	0	0	0
0	0	0	0
0	0	0	0
0	0	0	0
0	0	0	0
0	0	0	0
0	0	0	0
0	0	0	0
0	0	0	0
0	312.435580000000	0	3742.32448000000
0	1020.72319000000	0	12226.1280100000
0	1158.97050000000	0	13882.0415400000
0	102.205530000000	0	2060.48409000000
0	0	0	0
0	0	0	0
0	0	0	0
0	0	0	0
0	-1.42185000000000	0	-24.5560000000000
0	3.23140000000000	0	55.8091400000000
0	3.10218000000000	0	53.5767600000000
0	0	0	0
0	0	0	0
0	0	0	0
0	0	0	0
0	0	0	0
0	0	0	0
0	0	0	0
0	0	0	0
0	0	0	0
0	0	0	0
0	0	0	0
0	0	0	0
0	0	0	0
0	0	0	0
0	0	0	0
0	0	0	0
0	0	0	0
0	0	0	0
0	0	0	0
0	0	0	0
0	0	0	0
0	0	0	0
0	0	0	0
0	0	0	0
0	0	0	0
0	0	0	0
0	153925.877200000	2624.25546000000	334275.982400000
0	150719.424600000	2721.40404000000	352367.216000000
0	152440.351900000	3467.04462000000	372450.633800000
0	147497.272800000	3414.27846000000	439972.971000000
0	161081.732000000	3129.85488000000	468917.415500000
0	168736.707400000	3745.56378000000	473779.508500000
0	178100.362900000	4250.71134000000	493362.921800000
0	168461.312900000	4333.28250000000	524207.405000000
0	190766.760000000	4707.88428000000	556710.226700000
0	203881.444400000	4261.59198000000	581624.622100000
0	210572.268900000	4306.27464000000	584171.004700000
239.071260000000	208081.374500000	4704.96516000000	617454.899200000
579.597840000000	225802.454000000	5212.30488000000	677948.848800000
159.647100000000	238894.430000000	5758.94604000000	731364.806800000
232.825740000000	238810.826400000	9348.98322000000	743101.561100000
231.331800000000	232321.959200000	8896.16598000000	726800.177000000
374.701740000000	250143.798600000	9934.52664000000	873632.844300000
447.726540000000	277804.904800000	8815.33038000000	1011360.36400000
461.877360000000	293763.412800000	9525.24150000000	1077047.12700000
436.710180000000	313850.250700000	10718.7448800000	1183093.07400000
424.275780000000	289533.848200000	9987.86316000000	1241113.62500000
172.791920000000	206322.070800000	6763.83800000000	966246.815100000
271.903180000000	205044.312400000	6682.91339000000	807960.574800000
0	337528.234800000	8234.14683000000	786595.717900000
0	335408.728200000	6187.82830000000	834412.606700000
0	327168.683800000	6120.03078000000	808150.337600000
0	313235.681800000	6891.66965000000	823399.855600000
0	312868.974400000	7575.16909000000	853533.224200000
0	352120.698000000	8936.91222000000	935529.094600000
742.064870000000	335544.475100000	9167.40216000000	925113.729900000
774.249210000000	330593.667400000	9402.94298000000	1024367.98400000
1236.60522000000	274649.809600000	10721.4202000000	1018139.25400000
1471.52112000000	294179.182700000	12360.1476600000	1093248.44100000
702.047900000000	268281.608200000	11944.6374000000	1059748.57400000
616.194760000000	289230.216800000	12438.5759400000	1100894.21400000
577.087430000000	272373.586000000	11886.3684800000	1052682.71900000
8886.49581000000	298358.772900000	25317.6312300000	1203689.58700000
9704.14517000000	288749.413300000	26670.5684200000	1300502.99700000
9758.31054000000	253568.403100000	24930.2360100000	1225359.68500000
9711.06648000000	259118.654800000	24838.4495500000	1225970.79500000
9571.84729000000	229791.378800000	24324.7605000000	1202471.08700000
2280.63901000000	299786.824200000	14439.2696100000	1118071.38400000
2342.97997000000	305001.058500000	13940.1060000000	1106644.28800000
2396.61272000000	305570.752400000	15334.6199900000	1188756.63700000
2586.13245000000	309329.716100000	17084.8548700000	1281224.16500000
2429.96610000000	317906.799500000	17292.4612600000	1198173.21800000
3221.06213000000	295523.889400000	15574.7876200000	1502012.96200000
3126.87019000000	285152.385300000	14948.3501000000	1442502.80600000
2852.65775000000	246610.645900000	14242.6412000000	1282884.16600000
2170.51386000000	223708.302700000	13793.4903800000	1137066.22700000
0	0	0	0
0	0	0	0
0	0	0	0
0	0	0	0
0	0	0	0
0	0	0	0
0	0	0	0
0	0	0	0
0	0	0	0
0	0	0	0
0	0	0	0
0	0	0	0
0	0	0	0
0	0	0	0
0	0	0	0
0	0	0	0
0	0	0	0
0	0	0	0
0	0	0	0
0	0	0	0
0	0	0	0
0	0	0	0
0	0	0	0
0	0	0	0
0	5208.95238000000	0	89962.5880700000
0	4929.98796000000	0	85144.6593700000
0	4672.18558000000	90.5102400000000	71886.3573600000
0	5533.65771000000	107.198780000000	85140.9874400000
0	4986.19968000000	96.5933400000000	76717.7853300000
0	4893.06459000000	94.7891400000000	75284.8064900000
0	5971.77841000000	115.686140000000	91881.9232700000
0	4379.22648000000	321.291290000000	111612.155800000
0	4804.14359000000	352.466270000000	122441.902200000
0	4949.20032000000	363.108620000000	126138.923300000
0	5045.19371000000	370.151400000000	128585.481400000
0	5033.22033000000	369.272950000000	128280.319400000
1783.16828000000	2908.03581000000	2933.12536000000	148296.795600000
1652.18878000000	2694.43117000000	2717.67781000000	137403.915500000
1476.86103000000	2408.50219000000	2429.28193000000	122822.819100000
1833.31829000000	2989.82173000000	3015.61690000000	152467.510200000
1723.73554000000	2811.11140000000	2835.36473000000	143354.083700000
324.951260000000	5920.25483000000	521.102740000000	94968.9499800000
276.383970000000	5035.41238000000	443.218640000000	80774.8722400000
272.670410000000	4967.75530000000	437.263410000000	79689.5604100000
274.655540000000	5003.92223000000	440.446870000000	80269.7271200000
242.300150000000	4414.44299000000	388.560710000000	70813.6771700000
209.818040000000	1140.47999000000	0	71854.4699800000
268.606710000000	1460.02949000000	0	91987.2745600000
229.197510000000	1245.81811000000	0	78491.1636000000
190.992140000000	1038.15041000000	0	65407.3284900000
169.644450000000	67584.9933600000	372.438490000000	29013.6300400000
235.954130000000	56334.1575200000	979.599410000000	37796.6493900000
179.060610000000	60733.9151700000	1126.00113000000	35296.7673100000
112.340140000000	70964.4081400000	778.382150000000	34839.1623500000
288.684710000000	79707.4742900000	702.170130000000	30042.3979400000
127.041850000000	74476.5384000000	3902.91497000000	11810.3942500000
222.602300000000	83768.0029000000	1946.60062000000	12001.0782600000
372.897880000000	73604.2633600000	247.286630000000	12232.3003600000
246.196410000000	79154.7457700000	374.683640000000	12274.6133700000
332.528800000000	66892.5487800000	385.928440000000	14167.7381500000
348.910580000000	76206.9722100000	774.936750000000	14441.7258000000
493.108900000000	63711.3366500000	468.434560000000	12156.4783800000
1000.40498000000	57604.2692700000	1400.30458000000	20773.6862100000
1485.72969000000	57947.2727800000	5187.04559000000	47800.6401000000
1560.03292000000	60280.7661300000	8293.66555000000	56834.6779100000
643.466470000000	52231.7302700000	8435.77746000000	69599.5853100000
1644.50675000000	56870.4313300000	9285.97740000000	82238.6873200000
2518.18989000000	46718.6489700000	8198.31074000000	98725.7608800000
1405.94018000000	47621.3836400000	5707.41040000000	105810.927300000
733.738480000000	44167.3243300000	1542.09441000000	110377.893000000
966.258150000000	78925.7212400000	5395.98700000000	100773.194100000
130.723390000000	68057.0904800000	5035.96326000000	178362.737900000
96.9477400000000	51782.2148600000	3926.38371000000	168792.085000000
31.9944800000000	55072.0163100000	16792.4133500000	90501.0764900000
80.7321200000000	138853.695800000	11224.1773300000	60492.4952500000
192.540510000000	117770.936100000	4907.53211000000	37526.7259700000
239.918330000000	94588.3465400000	1393.06485000000	10564.0991000000
109.944040000000	91641.5162900000	357.605940000000	8449.42899000000
196.587130000000	55148.9311500000	491.609640000000	6539.00421000000
36.1308200000000	16898.9551100000	921.135780000000	3160.71299000000
113.798160000000	11554.6209200000	725.463150000000	8004.43500000000
1102.44456000000	11010.8115700000	740.698880000000	6878.88836000000
584.846790000000	11743.8161100000	794.886720000000	5110.82886000000
1094.04538000000	9547.96945000000	1131.52540000000	15163.1806800000
279.859200000000	8376.30986000000	1105.57436000000	15013.1531800000
433.109040000000	9220.54601000000	1123.08554000000	15459.8484900000
500.029130000000	1912.28712000000	1222.73405000000	13151.7062700000
88.4856900000000	640.012390000000	992.735660000000	11614.6278200000
122.751850000000	193.651670000000	853.772530000000	5379.37863000000
172.004590000000	3581.68007000000	887.364220000000	3989.34751000000
144.953510000000	677.350380000000	852.565670000000	2523.40451000000
171.612150000000	2091.82479000000	541.874020000000	3262.85404000000
183.187210000000	1219.77161000000	825.908420000000	5007.33534000000
0	330.841240000000	986.929740000000	8852.27116000000
205.877500000000	87.6586400000000	659.754010000000	6771.78296000000
130.762310000000	69.9523700000000	543.861400000000	22237.0609100000
108.335320000000	638.420650000000	867.746260000000	24661.7071500000
135.928710000000	66.1215100000000	993.932510000000	19620.4400500000
0	2559.06004000000	1480.83042000000	23421.7029700000
0	41.7857900000000	62.7348900000000	10274.9802100000
0	0	0	0
0	0	0	0
0	0	0	0
0	0	0	0
0	0	0	0
0	0	0	0
0	0	0	0
0	0	0	0
0	0	0	0
0	0	0	0
348.910580000000	60825.8615400000	718.353750000000	12178.4058000000
493.108900000000	54685.8832900000	374.129560000000	9660.53938000000
1000.40498000000	49132.3277300000	1324.86058000000	16724.8582100000
1485.72969000000	43659.1994300000	5029.87059000000	46109.4371000000
1560.03292000000	46628.6423200000	7966.74155000000	54244.4339100000
643.466470000000	37684.7947300000	8008.26146000000	65406.1563100000
1644.50675000000	33879.8550500000	8764.15640000000	68985.6913200000
2518.18989000000	31229.7788100000	7525.60174000000	70956.0818800000
1405.94018000000	31605.0540400000	5179.30240000000	75281.2552800000
733.738480000000	28214.3360700000	1422.64141000000	100783.931000000
966.258150000000	64672.7538700000	5075.35000000000	81396.6601100000
107.572900000000	56004.4996800000	4428.05544000000	156831.980000000
81.7621200000000	43671.1901800000	3638.83425000000	156430.564400000
31.9944800000000	37317.3685600000	15216.9821200000	82010.4431300000
80.7321200000000	123443.600000000	10080.6843800000	54329.6613600000
192.540510000000	109065.692000000	4503.16893000000	34434.6574000000
239.918330000000	83126.6174900000	1103.93968000000	8371.56167000000
109.944040000000	80053.6920900000	265.590160000000	6275.30140000000
196.587130000000	47425.7525700000	369.527230000000	4915.16019000000
23.4367400000000	10961.7287100000	622.437270000000	2135.78236000000
77.5146300000000	7870.53222000000	518.591740000000	5721.90872000000
742.869470000000	7419.50761000000	395.208050000000	3670.30672000000
399.279890000000	8017.60382000000	347.827330000000	2236.40165000000
1094.04538000000	6233.04817000000	760.997660000000	10197.8665800000
279.859200000000	5428.35920000000	848.419900000000	11521.1227700000
433.109040000000	7094.35887000000	831.691950000000	11448.6665400000
500.029130000000	821.379330000000	903.486980000000	9717.89047000000
88.4856900000000	275.422660000000	619.718140000000	7250.46509000000
122.751850000000	1.45795000000000	853.772530000000	5379.37863000000
172.004590000000	1585.33979000000	883.255160000000	3970.87423000000
144.953510000000	242.147890000000	852.042340000000	2521.85564000000
171.612150000000	69.6375800000000	541.874020000000	3262.85404000000
183.187210000000	0.631840000000000	819.540820000000	4968.72970000000
0	0.490820000000000	942.368180000000	8452.57589000000
205.877500000000	0.178870000000000	607.507410000000	6235.51858000000
130.762310000000	6.75758000000000	543.570250000000	22225.1556600000
108.335320000000	105.591680000000	867.639130000000	24658.6616000000
135.928710000000	0	993.319840000000	19608.3453700000
0	347.535180000000	1480.22209000000	23412.0810300000
0	0	61.8491800000000	10129.9191300000
0	0	0	0
0	0	0	0
0	0	0	0
0	0	0	0
0	0	0	0
0	0	0	0
0	0	0	0
0	0	0	0
0	0	0	0
0	0	0	0
0	0	0	0
0	0	0	0
0	0	0	0
0	0	0	0
0	0	0	0
0	0	0	0
0	0	0	0
0	0	0	0
0	0	0	0
0	0	0	0
1.91481000000000	0	0	0
0	0	0.271390000000000	0
0	0	0.574950000000000	0.436780000000000
0	0	0	6.46415000000000
0	0	0	0.926900000000000
0	0	0	4.45955000000000
9.03931000000000	0	0	9.56828000000000
18.4951600000000	0	0	2.10832000000000
0	0	0	2.24509000000000
0	0	0	4.93497000000000
0	0	0	685.146300000000
0	0	0	599.516200000000
0	0	0	0.657920000000000
0	0	0	1.70956000000000
0	0	0	0.419700000000000
0	0	0	0.396290000000000
0	0	0	0
0	0	0	0
0	0	0	0
0	0	0	9.24813000000000
0	0	0	0
0	0	0	798.293690000000
0	0	0	1.13821000000000
0	0	0	0
0	0	0	0
0	0	0	0.0131200000000000
0	0	0	0
0	0	0	0
0	0	0	0
0	0	0	0
0	106520.105500000	2232.69546000000	203430.625100000
0	102926.620500000	2329.84404000000	203739.497300000
0	106151.859100000	2533.32462000000	208420.433500000
0	104681.744900000	2424.36906000000	205907.170300000
0	105100.118700000	2671.94958000000	211742.024000000
0	108520.563400000	2807.35062000000	217812.260200000
0	109856.019400000	2919.29454000000	216194.210800000
0	109079.860400000	2985.50184000000	231279.685500000
0	118641.582100000	3315.33366000000	242763.092400000
0	132074.442200000	3387.99834000000	261982.152500000
0	132222.051400000	3356.24454000000	267542.258300000
216.758400000000	125242.990500000	3200.79870000000	253149.074400000
533.778420000000	133886.873500000	3690.69636000000	268372.951300000
149.159580000000	132359.490200000	4283.11662000000	282974.021600000
215.219820000000	132483.730100000	7472.64762000000	283950.279400000
212.296080000000	128845.457900000	7030.82130000000	274091.919700000
341.701560000000	142280.576500000	7960.89522000000	285278.931400000
409.989600000000	159856.307400000	6969.07134000000	311959.028300000
419.935860000000	167032.996300000	7427.96586000000	330507.035900000
410.408820000000	170045.381600000	8771.12106000000	336867.343700000
393.722760000000	162442.794600000	8066.72328000000	338952.647400000
298.100580000000	165797.762800000	8755.47078000000	320901.324200000
468.540420000000	181168.185900000	8133.08100000000	314447.166700000
0	174845.840000000	8282.68914000000	316417.934300000
0	167901.950000000	5503.65906000000	317640.534100000
0	182245.948500000	5960.04840000000	326679.623600000
0	208476.977200000	7103.32590000000	373629.304100000
0	211723.075300000	7083.67164000000	365699.234700000
0	216346.811500000	7413.57036000000	382146.998000000
950.877360000000	214838.857500000	7706.06874000000	381945.651600000
984.846540000000	206241.641400000	7366.65222000000	381677.282500000
953.229720000000	180741.883300000	9322.58646000000	372403.012700000
979.205340000000	183052.648700000	9263.28264000000	365336.621300000
0	183077.520200000	9200.82846000000	366083.067700000
0	181547.287400000	9028.68960000000	373368.765400000
0	172137.329400000	8890.35216000000	367958.143400000
0	175402.958500000	8962.93146000000	373245.459100000
0	174521.361100000	8810.32962000000	377656.735600000
0	170537.586700000	8465.11356000000	371923.622000000
0	167803.767500000	8421.01848000000	374017.420900000
0	170298.083200000	8483.18094000000	378498.060600000
0	178560.541700000	8630.03802000000	389830.371900000
0	176372.014000000	8473.76886000000	383697.571000000
0	181887.891800000	8763.52566000000	409539.904700000
0	182266.143200000	10237.0762800000	420721.198200000
0	182802.562900000	10265.6684400000	386676.823300000
0	184799.408500000	11112.5217000000	396342.891700000
0	177912.641200000	10778.3512200000	399685.017100000
0	169352.832100000	11260.6473000000	398214.108800000
0	160587.062900000	10862.8579800000	404250.207000000
0	0	0	0
0	0	0	0
0	0	0	0
0	0	0	0
0	16179.4579400000	0	7101.27337000000
0	17516.0499700000	0	7687.91260000000
0	18055.0460700000	0	8636.06939000000
0	15037.2203500000	0	7192.58642000000
0	16113.5662600000	0	7707.42298000000
0	17659.4710400000	0	8446.85842000000
0	18728.6572000000	0	8958.27035000000
0	20076.3418700000	0	8952.84549000000
0	21495.6222700000	0	9585.75949000000
0	21741.1631800000	0	9695.25601000000
0	21569.8242200000	0	9618.84912000000
0	18543.7349000000	0	8269.39462000000
0	21635.4333000000	0	10025.2201800000
0	22558.7961200000	0	10453.0792300000
0	27127.4661400000	0	12570.0658600000
0	27470.2241900000	0	12728.8898100000
0	26413.2072500000	0	12239.0993700000
0	20028.2393300000	0	10561.1922800000
0	18648.6941100000	0	9833.73730000000
0	21911.8634600000	0	11554.4556900000
0	29290.6884800000	0	15445.4212900000
0	22521.9471300000	0	11876.1619700000
0	15619.0397700000	0	7935.83347000000
0	17412.6922300000	0	8847.16525000000
0	13715.5718500000	0	6968.70590000000
0	12905.2095400000	0	6556.97117000000
0	12878.7023700000	0	6543.50323000000
336.774870000000	10368.7331100000	0	5036.87390000000
400.229010000000	12322.3790500000	0	5985.90674000000
400.289260000000	12324.2343700000	0	5986.80803000000
310.220140000000	9551.15795000000	0	4639.71613000000
271.071060000000	8345.82214000000	0	4054.19383000000
228.898870000000	6673.68816000000	0	4506.13443000000
221.904910000000	6469.77512000000	0	4368.45047000000
329.408720000000	9604.11573000000	0	6484.78551000000
446.468820000000	13017.0748100000	0	8789.24623000000
299.015660000000	8717.98673000000	0	5886.46323000000
167.401390000000	9631.00281000000	0	6263.49624000000
218.385180000000	12564.2214200000	0	8171.10687000000
171.654680000000	9875.70598000000	0	6422.63827000000
108.851180000000	6262.47005000000	0	4072.78020000000
133.330110000000	7670.80139000000	0	4988.68462000000
473.187340000000	4985.57680000000	0	7085.47516000000
527.142340000000	5554.05507000000	0	7893.39342000000
573.404610000000	6041.48222000000	0	8586.12233000000
311.889580000000	3286.11812000000	0	4670.21357000000
50409.1884600000	1194552.50800000	170743.027800000	3069704.40100000
81589.5616400000	1210011.00800000	166280.447800000	3083788.73900000
97960.7646500000	1215917.38900000	190998.406900000	3180516.56200000
105546.535200000	1332444.61600000	179465.478200000	3286332.33600000
100320.520200000	1462576.09300000	173247.301300000	3339082.39500000
119134.473000000	1482778.80600000	156510.041400000	3494003.48300000
132001.182800000	1570122.23300000	172057.172100000	3715314.54100000
119086.626900000	1622795.63400000	180367.198300000	3853133.43300000
128496.426600000	1712378.11700000	190307.356700000	4064505.73000000
143598.887700000	1787255.91900000	179333.074800000	4284395.38600000
155497.149200000	1864435.85500000	193844.676900000	4427927.93300000
158804.911500000	1857639.51100000	194681.478300000	4644493.33400000
178742.035800000	1912835.83600000	203950.167900000	4806806.89900000
190539.628500000	2014388.78100000	196871.891700000	5226446.27600000
198516.979500000	1946510.86300000	191937.265000000	5072971.87600000
178073.019600000	1905924.43400000	180973.475300000	4476429.83800000
190110.966000000	1956581.74500000	200611.526000000	4696388.63100000
207200.845500000	2027050.37900000	179353.339400000	5001619.80100000
207073.658700000	1923137.96200000	170431.469700000	5215168.27200000
231166.464300000	2062065.58300000	169087.529300000	5331251.11100000
196777.919800000	1898056.51700000	165181.326700000	5533705.17800000
231957.376400000	1695529.59300000	150425.517400000	5317193.33800000
191878.635900000	1552216.50100000	155408.255400000	4582829.89200000
190241.863800000	1628757.20700000	166351.811800000	4506367.17800000
197812.886700000	1886507.80000000	179011.192200000	4869332.46300000
194691.234300000	1877743.66400000	154450.981100000	4820883.22100000
197132.807700000	1792564.15600000	135297.836700000	4707757.41400000
169660.409700000	1945345.39900000	152880.993300000	4924545.50300000
184669.306900000	1882197.39600000	149551.242400000	5308078.45400000
193915.327700000	1936041.81100000	156055.258700000	5469387.39100000
189010.939600000	1980660.49700000	193723.647000000	5575489.83800000
192826.344500000	2003424.78400000	190842.365500000	5596846.52500000
206028.670800000	2015601.38800000	196409.674300000	5727818.90200000
199862.028200000	1952157.05200000	196752.756600000	5746011.51100000
210938.984400000	1978988.00400000	199147.223400000	5927941.60700000
229573.432600000	1933849.16700000	206972.523700000	6059878.43000000
241790.548200000	1960328.75100000	233083.737200000	6637185.19900000
250282.033000000	2092852.09600000	220560.469100000	6861007.91400000
244415.703200000	2103459.54800000	211184.409900000	6817072.30400000
244122.664200000	2121643.70400000	209070.090100000	6485897.30800000
232783.044700000	2129340.29800000	225925.159100000	6586698.31800000
214398.965300000	2134130.77200000	206231.952500000	6310527.90400000
208006.502000000	1995915.15000000	201565.351300000	6410045.68100000
201687.902200000	1983378.30800000	216386.200300000	6423694.33100000
230731.234700000	2050606.51800000	227483.859000000	6492687.28400000
227379.435400000	1998812.52500000	224531.102600000	5810122.98400000
234295.918400000	1945112.65600000	225221.126000000	6178128.50000000
233891.424500000	1924811.84000000	250534.066000000	6194755.82800000
244953.690200000	1879830.52400000	241954.189800000	5866009.29100000
207759.871000000	1769997.27000000	227361.023200000	5502161.26200000
37914.3761300000	1024192.37500000	157680.103400000	2946497.63900000
65308.1234200000	1047023.89400000	152618.411700000	2957090.73000000
76055.2878800000	1062477.92000000	176485.926600000	3039369.22800000
82976.5193100000	1166159.83500000	164449.822800000	3130617.72900000
76412.6217800000	1255632.86500000	157678.533400000	3167693.42500000
92005.9431600000	1247346.13700000	145925.861500000	3301084.52300000
102666.128600000	1307095.21200000	160524.037900000	3492247.12000000
90462.2659500000	1341448.60500000	167981.391500000	3609924.55200000
98217.8277400000	1410063.02700000	176768.810100000	3790999.67300000
109180.435500000	1463589.98800000	164732.152700000	3977123.49500000
116277.734200000	1516361.51300000	178067.081700000	4095494.62000000
117692.474400000	1495657.81100000	177757.222800000	4296389.10800000
133055.257800000	1533470.55900000	186238.478800000	4428864.91000000
142183.170600000	1633709.07100000	179208.052300000	4823308.17800000
145977.199600000	1593342.05600000	175024.689700000	4647116.10900000
121864.734900000	1529005.78800000	164932.739200000	4028642.36700000
131298.226100000	1554301.89000000	182923.971000000	4204365.50700000
148032.444700000	1609624.54900000	159927.236400000	4444788.16900000
145699.478300000	1495039.00700000	148577.039600000	4618331.63400000
165479.223600000	1621370.57700000	145288.630700000	4708839.05300000
131179.521900000	1472744.80000000	141041.968800000	4892803.17500000
151798.602300000	1299623.17200000	124758.798700000	4678763.17700000
126766.035100000	1170623.80800000	131735.047200000	3969262.19600000
126749.999800000	1242363.74700000	144063.007000000	3867405.82300000
139713.385100000	1487403.32800000	152590.098000000	4225543.55400000
128603.781800000	1463781.82000000	122326.275600000	4186059.73200000
133157.682100000	1387758.53600000	105428.542200000	4099010.64900000
105517.125400000	1534627.97200000	123769.470800000	4326157.95400000
114702.824100000	1466783.64500000	119090.115000000	4691781.47800000
117335.905500000	1498118.29200000	122910.054400000	4818639.37200000
110457.140100000	1543087.79700000	159175.340400000	4917176.10300000
112027.655200000	1567079.13500000	155537.457500000	4943602.72200000
120787.688900000	1575415.54300000	160873.687900000	5069183.27700000
115024.028800000	1518363.85900000	159571.215900000	5074870.99800000
124682.163100000	1522159.35000000	159585.893100000	5238625.20500000
137212.322300000	1492005.35400000	163451.719600000	5365978.20600000
143227.852400000	1515566.13600000	187431.224800000	5902309.28800000
148490.236600000	1616524.27600000	173040.699500000	6089649.85800000
147922.657400000	1629484.79100000	163621.551700000	6027363.13600000
147504.968400000	1631297.74000000	162862.252100000	5712246.56500000
140371.094700000	1633054.45200000	183540.535000000	5802741.96100000
128395.087000000	1657562.84500000	166378.549800000	5568109.64500000
124634.960600000	1629597.11300000	161372.379700000	5636915.35600000
120000.040100000	1609808.58800000	172604.642500000	5641157.80800000
141379.563900000	1684292.70200000	182664.864900000	5737809.38800000
142955.557500000	1626041.30800000	177317.327100000	5091610.77300000
144372.731100000	1571092.18100000	175182.676600000	5410230.96700000
144010.440700000	1554946.28100000	199681.856200000	5402156.91200000
150970.242600000	1507154.80100000	192067.524000000	5093317.05300000
127341.803600000	1426544.19200000	181343.454300000	4806204.27300000
0	0	0	0
0	0	0	0
0	0	0	0
0	0	0	0
0	0	0	0
0	0	0	0
0	0	0	0
0	0	0	0
0	0	0	0
0	0	0	0
0	0	0	0
0	0	0	0
0	0	0	0
0	0	0	0
0	0	0	0
0	0	0	0
0	0	0	0
0	0	0	0
0	0	0	0
0	0	0	0
0	0	0	0
-74.2100900000000	-41274.2117600000	-2179.61417000000	-79886.1757800000
-134.768950000000	-52110.4325300000	-2339.36421000000	-90446.2214100000
0	-29415.2729100000	-1393.44211000000	-53232.7214100000
0	-46540.8535900000	-1525.56290000000	-88046.9916300000
0	-51240.0142500000	-1675.71882000000	-91848.7830200000
0	-52391.0871400000	-1785.09385000000	-93894.5187100000
0	-54549.7648600000	-1825.08510000000	-94221.2238000000
0	-40783.8494600000	-1397.54285000000	-72039.0817000000
-245.221960000000	-55404.8297200000	-1987.31939000000	-98500.0294500000
-246.652050000000	-51652.6424000000	-1844.95743000000	-95590.0081000000
-300.842960000000	-57042.8298500000	-2942.24396000000	-117531.815500000
-240.125020000000	-44888.9730600000	-2271.58276000000	-89589.4479600000
0	-50692.5254100000	-2547.62695000000	-101365.122200000
0	-35217.9584500000	-1751.45564000000	-72428.9845600000
0	-38970.4483200000	-2012.70118000000	-83302.6389900000
0	-13772.1238100000	-703.743010000000	-29306.1343700000
0	-12406.8081700000	-626.330620000000	-26847.8004200000
0	-37251.6140200000	-1849.08882000000	-81241.6516400000
0	-33617.7664100000	-1687.06481000000	-74930.5601100000
0	-47172.7624600000	-2349.85078000000	-104844.392700000
0	-9182.79317000000	-443.815020000000	-20047.7196500000
0	-16377.6599400000	-786.862380000000	-35629.6229000000
0	-5966.75906000000	-287.483900000000	-13434.7917700000
0	-8906.24792000000	-500.224210000000	-20558.1092400000
0	339.985150000000	19.0926000000000	719.160440000000
0	8367.81533000000	503.180860000000	17946.6165800000
0	7595.80052000000	460.170810000000	17064.1481900000
0	-6187.39090000000	-411.413400000000	-14548.9527400000
0	-8585.82457000000	-580.785240000000	-21613.3311200000
0	0	0	0
0	0	0	0
0	0	0	0
0	0	0	0
0	0	0	0
0	0	0	0
0	0	0	0
0	0	0	0
0	0	0	0
0	0	0	0
0	0	0	0
0	0	0	0
0	0	0	0
0	0	0	0
0	0	0	0
0	0	0	0
0	0	0	0
0	0	0	0
0	0	0	0
0	14.1737000000000	0	285.744290000000
0	15.3917300000000	0	310.300400000000
0	24.4295500000000	0	421.917050000000
0	29.9876000000000	0	517.908730000000
0	0	0	0
0	0	0	0
0	0	0	0
0	0	0	0
0	0	0	0
0	0	0	0
0	0	0	0
0	0	0	0
0	0	0	0
0	0	0	0
0	0	0	0
0	0	0	0
0	0	0	0
0	0	0	0
0	0	0	0
0	0	0	0
0	0	0	0
0	0	0	0
0	0	0	0
0	0	0	0
0	0	0	0
0	0	0	0
0	0	0	0
0	0	0	0
0	0	0	0
0	0	0	0
0	0	0	0
997.600000000000	56347.2000000000	774	23925.2000000000
946	58583.2000000000	739.600000000000	25524.8000000000
911.600000000000	62711.2000000000	791.200000000000	26866.4000000000
1255.60000000000	69660	877.200000000000	26247.2000000000
1358.80000000000	74974.8000000000	1100.80000000000	28620.8000000000
1066.40000000000	74751.2000000000	860	30736.4000000000
980.400000000000	78088	894.400000000000	33901.2000000000
1410.40000000000	78397.6000000000	894.400000000000	34640.8000000000
1290	86550.4000000000	894.400000000000	40420
1444.80000000000	91830.8000000000	825.600000000000	42931.2000000000
1272.80000000000	91693.2000000000	739.600000000000	44634
1582.40000000000	93619.6000000000	911.600000000000	43791.2000000000
1960.80000000000	102615.200000000	1100.80000000000	51445.2000000000
1857.60000000000	106674.400000000	1066.40000000000	52976
1943.60000000000	110664.800000000	963.200000000000	51737.6000000000
1943.60000000000	99278.4000000000	1066.40000000000	47179.6000000000
1960.80000000000	114792.800000000	1083.60000000000	55452.8000000000
2614.40000000000	118232.800000000	1427.60000000000	60268.8000000000
3010	123530.400000000	1823.20000000000	66340.4000000000
3629.20000000000	125181.600000000	1806	67011.2000000000
8865.24353000000	61100.9356200000	1237.39927000000	41570.8928700000
8876.32508000000	61177.3117900000	1238.94602000000	41622.8564900000
8399.81824000000	57893.1365000000	1172.43581000000	39388.4210000000
9363.91348000000	64537.8632500000	1307.00298000000	43909.2556000000
9302.96493000000	64117.7943200000	1298.49586000000	43623.4557100000
9114.57850000000	62819.3994300000	1272.20112000000	42740.0742300000
9899.93190000000	38965.2735000000	2189.85816000000	59170.7377800000
9690.86502000000	38142.4043700000	2143.61271000000	57921.1694000000
9992.16729000000	39328.3040000000	2210.26057000000	59722.0179400000
6935.46424000000	61047.7246100000	894.411520000000	69005.3139200000
4511.24099000000	62908.0272200000	238.487510000000	61469.0093000000
4922.11314000000	56335.1335900000	251.050090000000	61119.6640100000
4962.04865000000	54716.5408500000	226.027980000000	68490.1751900000
3678.60774000000	44441.0537100000	236.269250000000	69712.2434400000
3931.07969000000	40643.5931000000	239.161220000000	69717.0406000000
4842.78233000000	37883.1622300000	285.971640000000	75013.3694000000
2785.95814000000	32728.3346300000	193.173510000000	73855.4768000000
2967.95734000000	39677.4922100000	210.086670000000	82563.6823700000
527.029520000000	32652.8389600000	178.358500000000	74731.6418800000
545.405040000000	35742.7584300000	184.577180000000	59243.3763200000
525.901690000000	39641.0477600000	177.976820000000	60552.0790500000
1113.64641000000	44693.6303700000	347.812880000000	49711.9567700000
699.145510000000	27437.3217600000	237.911200000000	57192.6919500000
713.707300000000	26680.4146300000	242.866410000000	55091.9838300000
757.124390000000	26939.2095500000	257.640740000000	51538.5384900000
765.246830000000	29671.3879200000	260.404720000000	50801.7010000000
647.563330000000	27310.1565400000	362.150830000000	50074.7985700000
671.056460000000	27818.7079500000	375.289400000000	52996.2151900000
656.873040000000	24767.5893400000	367.357300000000	65773.6502700000
613.386780000000	23070.5923600000	343.037540000000	40128.6376200000
0	0	0	0
0	0	0	0
0	0	0	0
0	0	0	0
0	0	0	0
0	0	0	0
0	0	0	0
0	0	0	0
0	0	0	0
0	0	0	0
0	0	0	0
0	0	0	0
0	0	0	0
0	0	0	0
0	0	0	0
0	0	0	0
0	0	0	0
0	0	0	0
0	0	0	0
0	0	0	0
0	0	0	0
480.485120000000	3311.59433000000	67.0654900000000	2253.09043000000
652.110690000000	4494.47026000000	91.0207700000000	3057.87693000000
860.416210000000	5930.15131000000	120.095790000000	4034.66301000000
1127.92493000000	7773.87204000000	157.434310000000	5289.06470000000
1272.35637000000	8769.32084000000	177.593860000000	5966.33249000000
248.196250000000	2311.41945000000	13.7349700000000	2582.90943000000
273.498000000000	2547.05130000000	15.1351400000000	2846.21765000000
298.672580000000	2781.49897000000	16.5282800000000	3108.20260000000
160.936440000000	2225.78019000000	8.90608000000000	3640.82085000000
111.514920000000	2423.34356000000	20.3418000000000	6643.89681000000
108.600410000000	2208.91830000000	19.8101500000000	6226.60716000000
103.124360000000	2356.38934000000	18.8112500000000	6970.38531000000
99.8495000000000	2273.57320000000	18.2138700000000	8414.45934000000
200.760050000000	4177.57706000000	60.0573000000000	8594.92937000000
199.523810000000	4384.91315000000	59.6874900000000	8375.55857000000
306.864870000000	2838.83323000000	0.831400000000000	8053.45536000000
237.984200000000	2372.93905000000	0.644780000000000	6576.92314000000
280.020720000000	2018.46844000000	2.70815000000000	6850.78547000000
283.208850000000	1868.35439000000	2.73898000000000	6478.00362000000
222.849010000000	1475.52319000000	2.15523000000000	7432.83471000000
162.012060000000	6168.68706000000	53.7367000000000	6158.98414000000
236.198260000000	7484.15100000000	61.5395400000000	7781.22671000000
227.583020000000	7131.96601000000	59.2949100000000	5034.82384000000
225.280500000000	7043.43147000000	58.6950000000000	4971.79742000000
238.437050000000	7361.29505000000	62.1228400000000	5001.84327000000
570.729110000000	3258.16767000000	229.849280000000	5485.04711000000
645.953230000000	3687.60572000000	260.144230000000	5916.38383000000
642.020010000000	3665.15186000000	258.560210000000	5903.95121000000
706.856550000000	4035.28948000000	284.671780000000	5693.63670000000
997.600000000000	56347.2000000000	774	23925.2000000000
946	58583.2000000000	739.600000000000	25524.8000000000
911.600000000000	62711.2000000000	791.200000000000	26866.4000000000
1255.60000000000	69660	877.200000000000	26247.2000000000
1358.80000000000	74974.8000000000	1100.80000000000	28620.8000000000
1066.40000000000	74751.2000000000	860	30736.4000000000
980.400000000000	78088	894.400000000000	33901.2000000000
1410.40000000000	78397.6000000000	894.400000000000	34640.8000000000
1290	86550.4000000000	894.400000000000	40420
1444.80000000000	91830.8000000000	825.600000000000	42931.2000000000
1272.80000000000	91693.2000000000	739.600000000000	44634
1582.40000000000	93619.6000000000	911.600000000000	43791.2000000000
1960.80000000000	102615.200000000	1100.80000000000	51445.2000000000
1857.60000000000	106674.400000000	1066.40000000000	52976
1943.60000000000	110664.800000000	963.200000000000	51737.6000000000
1943.60000000000	99278.4000000000	1066.40000000000	47179.6000000000
1960.80000000000	114792.800000000	1083.60000000000	55452.8000000000
2614.40000000000	118232.800000000	1427.60000000000	60268.8000000000
3010	123530.400000000	1823.20000000000	66340.4000000000
3629.20000000000	125181.600000000	1806	67011.2000000000
8865.24353000000	61100.9356200000	1237.39927000000	41570.8928700000
9356.81020000000	64488.9061200000	1306.01151000000	43875.9469200000
9051.92893000000	62387.6067600000	1263.45658000000	42446.2979300000
10224.3296900000	70468.0145600000	1427.09877000000	47943.9186100000
10430.8898600000	71891.6663600000	1455.93017000000	48912.5204100000
10386.9348700000	71588.7202700000	1449.79498000000	48706.4067200000
10148.1281500000	41276.6929500000	2203.59313000000	61753.6472100000
9964.36302000000	40689.4556700000	2158.74785000000	60767.3870500000
10290.8398700000	42109.8029700000	2226.78885000000	62830.2205400000
7096.40068000000	63273.5048000000	903.317600000000	72646.1347700000
4622.75591000000	65331.3707800000	258.829310000000	68112.9061100000
5030.71355000000	58544.0518900000	270.860240000000	67346.2711700000
5065.17301000000	57072.9301900000	244.839230000000	75460.5605000000
3778.45724000000	46714.6269100000	254.483120000000	78126.7027800000
4131.83974000000	44821.1701600000	299.218520000000	78311.9699700000
5042.30614000000	42268.0753800000	345.659130000000	83388.9279700000
3092.82301000000	35567.1678600000	194.004910000000	81908.9321600000
3205.94154000000	42050.4312600000	210.731450000000	89140.6055100000
807.050240000000	34671.3074000000	181.066650000000	81582.4273500000
828.613890000000	37611.1128200000	187.316160000000	65721.3799400000
748.750700000000	41116.5709500000	180.132050000000	67984.9137600000
1275.65847000000	50862.3174300000	401.549580000000	55870.9409100000
935.343770000000	34921.4727600000	299.450740000000	64973.9186600000
941.290320000000	33812.3806400000	302.161320000000	60126.8076700000
982.404890000000	33982.6410200000	316.335740000000	56510.3359100000
1003.68388000000	37032.6829700000	322.527560000000	55803.5442700000
1218.29244000000	30568.3242100000	592.000110000000	55559.8456800000
1317.00969000000	31506.3136700000	635.433630000000	58912.5990200000
1298.89305000000	28432.7412000000	625.917510000000	71677.6014800000
1320.24333000000	27105.8818400000	627.709320000000	45822.2743200000
0	3039.30847000000	0	337.634080000000
0	3006.43630000000	0	333.982320000000
0	2715.38040000000	0	301.649170000000
0	2608.54576000000	0	289.781050000000
0	2462.67538000000	0	273.576410000000
0	2623.61216000000	0	291.454720000000
0	2151.39681000000	0	368.565980000000
0	2123.94154000000	0	363.862520000000
0	2394.10163000000	0	410.144910000000
0	2519.29774000000	0	431.592820000000
0	2529.73077000000	0	433.380160000000
0	2536.75501000000	0	907.242270000000
0	2614.57849000000	0	935.074940000000
0	3355.10988000000	0	1199.91779000000
0	3287.43727000000	0	1175.71540000000
0	2936.99002000000	0	1050.38186000000
0	3932.20171000000	0	1083.26433000000
0	3286.64892000000	0	905.423920000000
0	3386.97127000000	0	933.061240000000
0	3317.18182000000	0	913.835280000000
0	3240.84957000000	0	892.806870000000
0	3554.52228000000	0	2590.18534000000
0	2779.45169000000	0	2025.39036000000
0	3021.96503000000	0	2202.11019000000
0	2992.79861000000	0	2180.85658000000
0	3062.47395000000	0	2231.62910000000
0	2984.15674000000	0	2174.55919000000
0	3192.64262000000	0	2326.48317000000
0	3311.46874000000	0	2413.07194000000
0	3263.93830000000	0	2378.43646000000
0	3248.27485000000	0	2367.02243000000
264.816270000000	4016.03217000000	0	1923.04550000000
280.887190000000	4259.75419000000	0	2039.74990000000
301.758640000000	4576.27629000000	0	2191.31404000000
305.974620000000	4640.21375000000	0	2221.92994000000
306.016370000000	4640.84679000000	0	2222.23309000000
354.467830000000	5388.70042000000	0	2789.42908000000
318.613710000000	4843.63787000000	0	2507.28067000000
308.611670000000	4691.58443000000	0	2428.57111000000
272.676870000000	4145.29565000000	0	2145.78794000000
240.976830000000	3663.38435000000	0	1896.32937000000
206.512990000000	4104.61835000000	0	2091.11067000000
182.818950000000	3633.67862000000	0	1851.18892000000
176.399790000000	3506.09335000000	0	1786.19024000000
174.795010000000	3474.19702000000	0	1769.94053000000
178.256300000000	3542.99297000000	0	1804.98886000000
208.559300000000	3436.02810000000	47.2963900000000	1720.09480000000
174.594460000000	2876.45467000000	39.5939800000000	1439.96922000000
152.687320000000	2515.53346000000	34.6259100000000	1259.29004000000
97.4778300000000	1605.95381000000	24.6341100000000	803.949420000000