5726.26021000000	70774.2314300000	6396.79018000000	41700.1500600000
6274.82747000000	76144.7135200000	6716.24172000000	48304.6571300000
5741.44510000000	78080.1994000000	6688.73609000000	50028.6300700000
8193.88866000000	80479.1852100000	6815.97456000000	47426.6596500000
7749.17493000000	83422.0367300000	7773.46900000000	48850.5236700000
7369.23613000000	78915.2280500000	9209.90446000000	51835.3080100000
12551.1733900000	80100.4303300000	8144.31363000000	56112.9850300000
13390.9235600000	73535.1505800000	7575.74812000000	59552.8259700000
15229.1100900000	78732.0037100000	9667.48831000000	61556.2590600000
18102.8225200000	86848.5149600000	6418.05060000000	66144.6700300000
24413.7157300000	80189.8245500000	8017.62681000000	78867.8181500000
19444.0629100000	80854.8816200000	5393.73954000000	76174.8896000000
23661.1892800000	81142.7100200000	6401.57056000000	75513.2053500000
22666.3536700000	87351.6410800000	6604.93741000000	77978.0395800000
26101.1814500000	79024.0143900000	9058.57519000000	81041.7149400000
15467.1435400000	87238.7326600000	10830.3721900000	54080.3821500000
13486.3867300000	93449.2399700000	9699.06492000000	44787.1221600000
14402.0490900000	99518.9705200000	7953.05780000000	36099.2111100000
17829.4633900000	101859.854800000	9501.10322000000	47413.5737200000
19633.4152600000	142557.645000000	9429.71890000000	62155.1926300000
13677.1789000000	122308.716400000	7552.98949000000	72373.2212200000
10862.6605800000	65241.5134100000	7721.65909000000	52579.2553700000
10098.8161000000	65153.7357900000	9610.17431000000	52122.9959300000
10928.7410000000	73769.4404000000	11773.6823800000	77779.9732300000
16488.6110100000	101279.495100000	12612.7740500000	71200.3982100000
17009.4023700000	91894.4886100000	9960.82466000000	78354.8307300000
16790.9314400000	102016.552500000	10724.6077600000	90548.4585600000
16535.2499500000	109215.743700000	13728.3181700000	83620.0417000000
17806.4022900000	101814.988500000	14019.4777100000	95781.0094600000
15832.1123300000	99513.6575400000	11052.3240300000	64248.8443300000
15704.6398100000	98621.0579300000	9625.90939000000	92991.4225300000
14472.4881000000	94569.6117100000	10117.3369100000	62183.0244100000
19801.4736900000	89971.0924600000	12433.5344300000	78306.8509900000
15446.8823700000	82504.3445600000	16179.4681700000	84504.2765500000
17082.9241400000	81207.5955000000	14030.7360200000	72642.5140200000
20822.5072300000	81036.2289000000	12336.5435900000	78262.5187900000
16323.7829900000	82279.9987800000	10936.1168500000	79380.4478900000
17944.7557900000	76390.5432100000	8179.98511000000	69738.8638000000
26355.4547200000	103333.978900000	13592.7884900000	74329.5184000000
25311.8964700000	135149.883900000	12624.6118800000	55993.4709400000
22751.6625700000	135103.893700000	11778.1003000000	52804.2620900000
17038.8181000000	125554.839000000	5250.17366000000	77777.1583700000
23430.9284400000	118493.164400000	13234.2017400000	87617.1280000000
23016.8306900000	90543.8167500000	13125.7701700000	92343.7799900000
31933.9703600000	91629.5794900000	13206.4841000000	86174.8261100000
30780.2488700000	87109.9392500000	11943.2076900000	114067.504100000
27372.7470800000	80492.4337100000	12825.7981500000	104457.807300000
27034.3930300000	99922.1309400000	15601.9441300000	100464.913400000
23059.2324100000	82940.5179500000	11727.1354800000	71106.8614600000
19894.5362200000	71557.5917200000	10117.6794600000	61348.0105000000
3531.04046000000	27172.7956600000	1013.90049000000	16459.9888600000
2323.87083000000	17354.5738700000	903.742830000000	14413.7344100000
3776.94172000000	24954.5905700000	1451.50843000000	19602.9012800000
3399.17777000000	22040.1300400000	1415.74204000000	18447.6458300000
3005.91570000000	19461.4741900000	1592.44026000000	17013.5799600000
2411.14403000000	16869.6157900000	1204.06032000000	17453.4519200000
2634.70602000000	16100.9152900000	1016.65115000000	15202.1357000000
2721.23071000000	14297.9330400000	721.530280000000	13483.1605500000
2402.64421000000	14375.7772400000	651.152470000000	11221.4819400000
2168.13220000000	11905.4166300000	636.824990000000	11039.1738700000
2157.63166000000	11023.9245700000	561.803480000000	10131.4756800000
2113.40406000000	10277.9263400000	590.690310000000	10084.7613300000
2070.50333000000	10476.5032500000	537.695390000000	7898.38303000000
1813.71298000000	10288.8123000000	426.805570000000	7846.78142000000
2046.76309000000	9987.76725000000	540.847770000000	8092.19736000000
1806.92085000000	8280.49038000000	409.970440000000	6623.55788000000
1700.67009000000	7925.92406000000	399.001690000000	6411.47888000000
1890.50371000000	8314.33117000000	411.765660000000	6872.75048000000
1724.15869000000	8851.95331000000	412.155920000000	6454.46932000000
1864.05512000000	8489.30686000000	402.270320000000	5935.54178000000
1416.42221000000	1440.35084000000	841.631590000000	6380.28325000000
1136.46502000000	666.298850000000	686.839970000000	6569.63050000000
791.368400000000	5778.98447000000	651.313710000000	4558.61043000000
788.212390000000	5891.37284000000	535.061900000000	3848.01054000000
958.445990000000	5286.48564000000	419.361290000000	4859.37159000000
928.600300000000	6836.82559000000	477.861300000000	6648.84286000000
1139.21406000000	6754.36651000000	523.250340000000	7770.93431000000
1046.85202000000	5470.31487000000	438.108450000000	5806.03751000000
937.935360000000	6621.49860000000	277.057360000000	5112.00283000000
1060.83634000000	6575.02464000000	486.881870000000	4138.45701000000
979.102360000000	5581.15729000000	433.323700000000	4229.69325000000
950.188220000000	5506.39045000000	472.848780000000	3308.63765000000
797.605100000000	5344.53078000000	472.556050000000	3955.02420000000
646.000380000000	4134.01927000000	357.698810000000	3498.31771000000
716.822160000000	4003.23407000000	311.845500000000	3902.49083000000
702.705070000000	4073.36023000000	269.111710000000	3254.77604000000
780.227360000000	3880.92199000000	508.431530000000	3154.86431000000
761.411390000000	4222.32913000000	513.626130000000	3319.64178000000
964.598750000000	2899.15444000000	307.803360000000	2799.32428000000
792.435040000000	4166.70279000000	350.957450000000	4016.84782000000
1028.41314000000	3651.28584000000	370.326630000000	3072.69186000000
966.394870000000	2706.15809000000	399.283930000000	2361.99807000000
925.294010000000	3024.76261000000	371.997820000000	2690.41338000000
1177.42409000000	3033.03487000000	324.969590000000	2581.39445000000
826.839330000000	2795.48795000000	447.941650000000	2442.96597000000
946.617160000000	2675.62975000000	300.686440000000	2578.74864000000
892.733750000000	2325.79073000000	245.138450000000	2495.48057000000
731.980550000000	2233.97912000000	231.564130000000	2483.84584000000
789.375850000000	2056.82936000000	597.633780000000	2111.81031000000
640.337990000000	1438.95234000000	437.221520000000	1753.02058000000
4012.94849000000	82097.5305200000	6627.60303000000	38296.3212100000
3836.96290000000	83506.1088900000	6383.18415000000	38880.1140400000
3672.12878000000	86897.6526900000	6119.23528000000	39275.1137400000
4027.53031000000	93021.6373400000	6012.20356000000	37708.9485500000
4089.10173000000	98436.2802500000	6200.87713000000	39136.4229500000
3695.21696000000	97487.8440000000	5626.92142000000	41195.8622100000
3679.36818000000	100672.526800000	5503.67683000000	43784.7656900000
4180.13105000000	101884.788000000	5311.94572000000	43900.7468200000
4147.20373000000	110273.693700000	5259.08546000000	49148.7421100000
4389.12410000000	116252.661600000	5014.25154000000	51072.6541000000
4339.38040000000	116838.798300000	4857.57940000000	52206.9606500000
4526.40288000000	119221.202900000	4679.22274000000	51251.0055300000
4782.42417000000	127646.292700000	4535.82072000000	58945.0126100000
4574.10469000000	130121.586100000	4221.05060000000	60439.0907200000
4782.71253000000	134722.965000000	4152.82025000000	59655.8870300000
5413.77876000000	127489.403600000	5342.78190000000	55819.6357300000
5816.28547000000	144760.144100000	5990.58150000000	64884.2786000000
6838.29550000000	151984.131100000	7036.09195000000	70366.4885300000
7128.91807000000	160260.964800000	7677.32186000000	76251.7948200000
8291.19153000000	168373.400100000	9219.61811000000	77272.9227100000
17835.0058100000	115610.049600000	5245.14218000000	55647.5248000000
21468.8658800000	133092.283400000	6811.63257000000	58543.6625500000
21634.7374700000	127115.637400000	7213.87570000000	70015.3001700000
23643.6966400000	148645.736900000	8267.24898000000	66419.0502300000
25139.3421100000	165872.876800000	8947.27462000000	77878.9178500000
25557.7947500000	167092.684700000	9184.80922000000	81665.5766900000
24042.5230600000	129118.246100000	9389.11910000000	92452.7711300000
17521.2470600000	157927.922200000	6882.35499000000	98227.1455800000
18364.6193900000	169037.886800000	7557.91736000000	99029.2948500000
15620.3406400000	235905.231400000	6827.08737000000	112012.033200000
13740.5860900000	222588.662400000	5892.26845000000	98023.5217600000
14585.3624600000	219223.947100000	6168.24334000000	98410.5642400000
15094.9355700000	226570.654400000	5962.41767000000	108089.131700000
13870.6810000000	193993.598900000	5097.85589000000	98558.0951800000
14181.8079500000	195853.685100000	5225.57276000000	98792.6618900000
16653.1986900000	181976.756400000	6322.92408000000	103692.781900000
14707.1864800000	175102.152600000	5672.70185000000	100413.194100000
16422.2931700000	158857.668600000	6402.55587000000	106313.434400000
12302.8013100000	146911.978900000	6930.08464000000	99148.6773300000
12719.4170400000	156548.024500000	6699.40501000000	83122.1534000000
13603.4176800000	164988.678500000	7323.19479000000	87162.1478200000
10376.7640600000	164122.083700000	4336.58586000000	76169.2108800000
9299.13173000000	171473.813500000	4400.64321000000	83740.0573200000
9556.87134000000	205818.294300000	4302.16571000000	80861.0243400000
9671.23441000000	228435.862900000	4295.81309000000	77141.7672000000
25121.7052500000	225495.240700000	13020.1427400000	81539.6182100000
25182.7946800000	219733.391000000	12990.4714800000	115698.457200000
29070.0191100000	225390.708300000	14471.1765000000	138555.795000000
35808.4517100000	228308.948700000	16129.4421000000	173888.698800000
35412.8130900000	224662.522400000	17295.2231200000	148263.574400000
209.579350000000	35903.0667600000	4064.49554000000	24973.5002300000
210.669320000000	59106.4486700000	3302.62315000000	18203.3191800000
6290.98311000000	39681.0150900000	2450.69669000000	20582.1324100000
8432.01905000000	46127.3365100000	15765.3117700000	19173.1813700000
9102.72547000000	53722.7547500000	31270.8357600000	26231.6442200000
7030.44355000000	63692.8066400000	44277.1291000000	29182.3709000000
7372.74514000000	51515.0383700000	37028.9609300000	27843.5125400000
7183.65905000000	53948.9800300000	44142.6359600000	23523.0536900000
8137.16790000000	57010.6332200000	42971.2126400000	24996.1679200000
8381.44702000000	60030.6493700000	50225.6462400000	25141.1768500000
8622.92980000000	61811.5047400000	99380.4209800000	30766.9715300000
8875.93953000000	51014.7590900000	120695.112100000	24047.8571100000
7522.79594000000	47451.9471300000	123807.060000000	50140.2359900000
9926.90018000000	66956.0065400000	134490.475000000	125909.176600000
48358.9072000000	60670.1672000000	140947.095800000	133140.843500000
92448.5697900000	56405.2300000000	132535.212000000	196171.677300000
139959.904500000	66629.8934600000	137492.195500000	226342.159600000
179847.474600000	75109.0514800000	153921.519900000	288186.540300000
159979.561800000	67891.9103000000	145738.140500000	418437.800200000
246230.226600000	68564.9433400000	152939.011900000	587641.957400000
244994.344800000	66169.6168000000	202870.412000000	734144.621300000
319438.111900000	78400.5482800000	196933.484200000	858514.390900000
336245.059000000	69414.6815300000	225548.773100000	931064.940500000
295441.918700000	32021.7713900000	263654.021400000	1016757.99400000
324862.346000000	37242.7401200000	252868.018700000	1074868.47700000
342012.733700000	45264.3775400000	268374.462500000	1148998.13200000
295888.001400000	42518.7609000000	241599.920400000	1162745.47600000
282881.823300000	44951.3853300000	260668.431200000	1203924.70300000
309040.895000000	50824.2860800000	266124.496100000	1264112.97500000
353144.049000000	66426.6368700000	279835.017400000	1335905.73200000
343414.509000000	84159.7069700000	275661.381100000	1333670.51900000
347261.339900000	89519.1236300000	234301.464300000	1333449.45400000
369742.950400000	91515.0500600000	267468.538100000	1324063.13900000
389838.737700000	84669.2864200000	270272.875000000	1430675.53700000
402390.146200000	84615.7761100000	278384.820600000	1389409.44300000
342889.371400000	84323.1229100000	275216.508500000	1364800.23900000
342839.375700000	80324.4309900000	279149.160200000	1485577.29600000
369871.869000000	82651.0649800000	288505.876800000	1523201.24600000
386769.675400000	66156.5770900000	290367.130700000	1488589.37100000
403262.107600000	69547.2212800000	298104.766200000	1530425.96600000
432810.045400000	70011.6941800000	305512.873300000	1548184.28600000
424023.221300000	67839.4859200000	297095.508400000	1492976.62600000
406478.809300000	70009.9619600000	284131.932200000	1550325.05100000
406536.964100000	69469.1692200000	305640.811800000	1603971.25700000
425413.131700000	68909.3463500000	309418.145800000	1626029.09400000
428444.805400000	67422.3381900000	317916.097700000	1627863.25700000
431984.569100000	67016.5470800000	316221.458900000	1610301.25400000
438524.223600000	66494.6027300000	296066.660000000	1609154.66800000
458726.728500000	63050.1685700000	284345.617300000	1605925.49300000
413259.922600000	52403.0977500000	306161.531500000	1497854.31100000
16236.1209500000	155427.256100000	17866.9503200000	142127.618200000
18123.4271800000	160838.150400000	16574.0680500000	127564.006600000
17582.3398500000	173939.423200000	20489.4908000000	140154.821200000
20508.6509100000	187614.170400000	21114.0893000000	139998.659600000
20521.7490100000	204623.285400000	23006.9418700000	140056.756300000
20552.7258500000	204484.157800000	22687.2089100000	144776.885300000
23013.8905000000	218770.495300000	20768.0494600000	133112.692200000
21466.1440400000	221864.578600000	17501.7999500000	131443.060800000
26769.5353700000	224794.185700000	24335.6230800000	134185.469100000
27398.9847600000	226548.533700000	26371.0262100000	172809.203400000
28533.9097100000	228462.307700000	31513.4581400000	188785.821300000
30523.7929000000	276029.651100000	31477.0110500000	203443.456700000
44133.9140200000	268459.246400000	38241.5405600000	268065.218900000
59967.0495200000	302135.072900000	44545.4690300000	313105.125300000
55529.9063900000	254992.033300000	40319.0908300000	324572.228600000
59083.8393700000	246599.639300000	39126.5721200000	318661.498700000
58867.6172900000	266842.922500000	42661.6364800000	339727.992800000
73870.3557700000	301471.146400000	51288.9640000000	435294.635600000
83786.6365000000	350746.522600000	55405.5403700000	471618.322700000
69738.7975100000	389527.977100000	54922.2932000000	518491.323300000
62729.8886100000	362766.403200000	46407.6234300000	422385.560500000
58193.0051800000	393320.429000000	72643.5165800000	528204.912700000
48108.9753300000	391810.932900000	46470.2724800000	527298.669800000
52057.4481600000	396640.230200000	39342.9586400000	564799.092200000
55902.1545400000	439302.994400000	37100.9474200000	489235.797400000
58885.7962500000	416709.307800000	42994.4364300000	465907.809600000
65104.9001900000	434939.506900000	49301.8803600000	430068.698500000
59629.5542100000	398389.250300000	51315.8092100000	409550.729500000
60050.5423900000	477382.551800000	50587.7691400000	404469.745000000
65271.2545100000	468973.110700000	46313.5446800000	430110.996500000
66234.1489700000	449884.505400000	46441.9629300000	395569.452400000
59891.2869000000	436039.216800000	48691.6198500000	423279.011200000
66622.8952100000	403033.215700000	50658.9270500000	443833.949600000
82549.7372300000	378539.582000000	44359.2224000000	477547.079300000
80675.6448600000	421644.824900000	39645.0249700000	485382.974700000
88100.5046900000	425517.353800000	29513.5905900000	513336.810400000
101276.541400000	429169.076200000	58534.5947100000	563572.631100000
104330.004400000	463807.271000000	62894.3510800000	571212.551100000
108739.430500000	457413.845900000	66270.5605200000	620245.005600000
117482.022600000	482008.089900000	67600.6124200000	609975.169900000
116054.249400000	544379.120300000	69533.7583100000	651512.091400000
125764.815200000	567213.074600000	72341.9724700000	695456.318800000
116083.006400000	521800.613500000	72205.3059000000	664644.070400000
118293.483000000	707471.983200000	75778.1196300000	667566.088000000
131117.742800000	547685.394300000	82429.7311600000	702615.208800000
151044.225700000	564453.116900000	83709.4763800000	744862.229000000
156337.872600000	578452.361700000	91873.7624800000	823360.860400000
153372.513000000	576814.580200000	91122.2283400000	841951.755100000
157720.834800000	546613.726300000	86587.9896200000	844332.305100000
143372.851500000	526665.092200000	74505.8715300000	769735.093600000
0	0	0	0
0	0	0	0
0	0	0	0
0	0	0	0
0	0	0	0
0	0	0	0
0	0	0	0
0	0	0	0
0	0	0	0
0	0	0	0
0	0	0	0
0	0	0	0
0	0	0	0
0	0	0	0
0	0	0	0
0	0	0	0
0	0	0	0
0	0	0	0
0	0	0	0
0	0	0	0
0	0	0	0
17.7345500000000	1422.17999000000	0	0
42.0261300000000	3826.58875000000	8.92312000000000	314.552780000000
6.22671000000000	3878.39439000000	214.459050000000	2275.26288000000
0	3125.66960000000	495.922970000000	1611.32179000000
0	1487.19755000000	492.447440000000	2801.29955000000
0	1424.55805000000	442.726290000000	2729.68583000000
0	2135.93528000000	839.406610000000	3841.62710000000
0	4126.44685000000	1245.40279000000	2881.91281000000
0	3703.10420000000	1718.19182000000	2172.67303000000
0	3930.63602000000	1285.87408000000	2026.98360000000
0	4942.22718000000	1265.70777000000	2021.20256000000
0	548.239200000000	1000.48381000000	2283.91334000000
276.312890000000	1994.23302000000	205.097250000000	519.689790000000
722.903340000000	2810.35960000000	530.653770000000	1288.30718000000
2273.35745000000	8756.38856000000	1636.35805000000	4216.92086000000
1917.35052000000	7385.00893000000	1380.08728000000	1569.83504000000
1904.80028000000	7405.98650000000	1383.66978000000	3709.12188000000
1468.49397000000	5587.63239000000	2326.72885000000	5493.83475000000
1269.32044000000	4840.36413000000	1943.20515000000	4732.62391000000
1452.91126000000	5513.77089000000	2212.54110000000	5422.16003000000
2010.68984000000	7650.31636000000	735.951490000000	5488.37994000000
1146.38715000000	8976.74256000000	634.882400000000	2391.19721000000
1105.87540000000	50006.7081900000	511.932080000000	1947.11990000000
1064.05370000000	72223.5173300000	556.487100000000	2307.30648000000
13745.7640100000	79010.3407700000	1044.81457000000	1391.75680000000
14548.7606500000	78066.3711300000	1012.39552000000	37590.0137000000
16194.9820700000	81862.8481800000	1307.70434000000	53670.0187400000
19508.7617800000	83142.3296700000	2790.52803000000	63820.1754000000
19451.0205200000	81718.3025200000	4114.76916000000	66730.9858500000
20941.5150800000	195405.311700000	11542.1033600000	121897.975200000
22730.6416400000	212860.765900000	12414.1593800000	127737.121900000
24915.3486500000	221473.500000000	13452.4855800000	146202.790800000
26829.4874800000	237235.896000000	14421.9200800000	163679.593900000
28594.5730800000	262684.516300000	15579.8641600000	177453.561600000
29360.3111800000	282127.313800000	12874.5371300000	195293.961000000
32653.4916900000	310195.968100000	14131.9614900000	216766.888300000
34200.9906400000	330907.647400000	15100.0721400000	238115.717700000
36635.5038200000	356947.946100000	16278.7100000000	264998.736000000
42469.3004800000	380328.003900000	17768.9214800000	303313.885600000
46979.7256400000	404818.248100000	19115.9108400000	326646.629200000
51969.7995200000	429349.651200000	20903.3791600000	353542.855400000
59346.4718700000	461648.138000000	22611.7778000000	394324.744500000
65254.3601100000	477836.402700000	24097.3182400000	418046.766600000
69205.3264500000	448483.628600000	24126.1462300000	429672.846100000
72224.1855800000	506413.066200000	22724.1008400000	441813.042400000
75501.4729900000	532331.890800000	24590.2225800000	465891.444500000
79550.7561200000	541826.685000000	26201.4201600000	522009.499000000
81983.5360000000	554951.564000000	27466.6000000000	558957.252000000
88889.4240000000	578641.080000000	29281.7840000000	572315.232000000
91311.9440000000	571738.604000000	29950.5360000000	612215.160000000
98353.5750100000	581452.950100000	30254.9955800000	630465.340700000
91657.1531000000	565856.394500000	30185.7354000000	635056.708700000
95138.1710400000	563658.234000000	30081.7888200000	652316.904400000
101495.887100000	612292.510000000	37670.6807400000	710569.059200000
112598.733000000	628938.242100000	40511.4675800000	727182.527300000
115957.079300000	632650.078400000	40605.8128000000	727675.677300000
125011.981400000	657833.466900000	42077.4527500000	737218.863900000
132782.555500000	684574.034300000	43521.1518400000	765468.094800000
139030.794100000	696521.483200000	45617.7678400000	783600.653600000
141494.224000000	720249.049900000	47156.4331200000	810060.413300000
142786.798800000	711915.468500000	48054.4169300000	820080.297200000
148938.140100000	728281.986300000	49240.2097600000	816938.701700000
151519.597900000	718225.747500000	50930.5111500000	853288.017200000
161326.303400000	729090.838400000	54110.2051300000	880909.262600000
165785.562200000	725407.318300000	56009.8429500000	898306.555900000
177712.447100000	744199.798800000	58595.6169200000	950069.977200000
185803.309000000	777526.989900000	59805.3619900000	978232.372700000
190537.261100000	806712.705600000	62006.6854400000	1039652.65500000
196742.559800000	801242.959200000	61556.9224200000	1029892.34200000
208575.713500000	832723.173200000	64147.9065100000	1085911.74900000
212479.925300000	845352.950500000	63895.1387300000	1085166.72200000
213593.714600000	802547.888800000	65534.0008000000	1094726.03700000
218639.458700000	829871.130200000	65955.6352900000	1101004.47800000
228376.252400000	859912.619900000	67713.6478200000	1093937.83400000
236761.020600000	867499.317900000	70420.1008100000	1140489.19000000
249938.471700000	897214.497500000	73136.0732800000	1169375.01500000
263383.218900000	901569.516300000	75976.3483300000	1173143.12200000
260226.129400000	914945.607200000	75193.4103400000	1184166.08300000
250553.153800000	885699.321700000	73860.0280300000	1178148.45400000
261964.138000000	3176396.51300000	318570.264000000	4392410.00200000
286212.997000000	3354039.01500000	329938.717400000	4422448.68900000
305666.593600000	3404440.06000000	364849.513800000	4631845.29700000
322383.841300000	3593555.11200000	374178.791900000	4819430.93600000
331382.639900000	3907387.49500000	384433.157100000	4937063.89500000
319006.499800000	3975134.04800000	397164.366700000	5119624.48100000
341173.451300000	4266142.24100000	411329.466700000	5421374.07700000
344237.536000000	4367126.96100000	450532.456400000	5713113.10200000
386716.292000000	4662285.72700000	472880.403000000	6070596.34200000
420060.433100000	4722809.10900000	474048.417600000	6454387.43300000
426271.897500000	4821349.35200000	547720.918500000	6703702.01900000
455955.890500000	4988522.53200000	569569.442500000	7050775.83800000
509920.603100000	5105247.73800000	609533.651700000	7425110.78800000
562052.996100000	5291395.82700000	600363.586000000	7998012.32900000
579027.389000000	4893314.35800000	607616.278400000	7857633.19500000
563535.976300000	4991006.24800000	587824.265400000	7317491.69700000
627490.898600000	5178890.86500000	635010.555200000	7623019.73400000
707424.578300000	5572739.96100000	609589.160600000	8212133.22900000
703672.247100000	5393561.85900000	586485.005400000	8637532.92300000
772518.092200000	5733243.78100000	590837.660500000	8942537.93300000
720212.308900000	5466622.09400000	635807.770700000	9052435.07300000
795982.542900000	5269767.30400000	616256.781800000	8870071.85200000
756888.824300000	4733119.88100000	626575.602100000	8237038.84000000
704839.724800000	4632288.70700000	656628.796200000	8167900.51700000
763490.851400000	5013945.25100000	625384.212400000	8639364.47000000
796236.661500000	5119270.93100000	618875.128300000	8662150.09000000
735472.562500000	4848632.62900000	575125.415800000	8499342.75200000
745975.773800000	5385748.65100000	622698.147000000	8718342.60800000
785232.973600000	5454936.79900000	650418.538500000	9257462.50300000
857185.814700000	5710184.53600000	684691.822300000	9585112.02600000
821323.367100000	5724095.88300000	739085.099400000	9617721.54700000
829956.148100000	5573450.68500000	691147.125500000	9589263.49100000
868653.506200000	5655114.43800000	712867.309500000	9706242.97600000
888703.592600000	5487556.00100000	731175.538900000	9915385.78900000
930529.672300000	5753264.58600000	724209.805600000	10039254.9200000
878884.915300000	5533701.54100000	702088.712600000	10160405.2500000
906223.934900000	5492751.82400000	731890.890400000	10951761.5900000
946563.490600000	5576638.35300000	782033.607700000	11279859.5300000
1024803.28400000	5816275.33900000	774431.525800000	11461644.7200000
1074262.38200000	5889456.99800000	782120.195400000	11194641.6700000
1152381.77900000	6114876.99300000	809549.354400000	11542905.2400000
1184639.17600000	6204748.36200000	797241.622200000	11314207.8900000
1190052.48800000	6131646.20200000	759389.551300000	11582320.5800000
1218166.46400000	6173077.83300000	779896.347600000	11416320.4900000
1343423.86300000	6247093.55000000	797842.350500000	11478408.9900000
1335291.42700000	6157731.28200000	801146.732000000	10926534.6200000
1384900.86100000	6254320.57300000	812543.685000000	11249998.5000000
1420535.85100000	6345216.17800000	816986.970600000	11332934.1800000
1427229.08700000	6171366.36300000	797020.599500000	10922957.6700000
1310757.04100000	5952061.89000000	800618.866500000	10405746.2700000
0	359.039680000000	0	0
0	1001.32365000000	0	0
0	1060.67780000000	0	0
0	1760.48335000000	0	0
0	2132.06144000000	0	0
0	1977.85394000000	0	0
0	1957.89502000000	0	0
0	3299.73549000000	0	0
0	4531.71875000000	0	0
0	6421.87537000000	0	0
0	5511.27040000000	0	0
0	5739.34546000000	0	0
0	15078.5593100000	0	0
0	20421.7923600000	0	0
0	25610.4251100000	0	0
0	33779.6658300000	0	0
0	37512.9898100000	0	0
0	37381.6657300000	0	0
0	30851.2244300000	0	0
0	40262.4857000000	0	0
0	52699.1446500000	0	0
0	59437.4618400000	0	0
0	50627.3096600000	0	0
0	63910.0647300000	0	0
0	80195.4651000000	0	0
0	96079.5962100000	0	0
0	105700.512400000	0	0
0	110429.173400000	0	0
0	104371.805400000	0	0
235.100000000000	143657.107800000	114.500000000000	197.600000000000
235.704530000000	152147.484000000	117.280530000000	236.376320000000
236.216600000000	155529.054200000	120.939370000000	271.522270000000
236.726630000000	154136.319800000	124.916410000000	306.814130000000
237.165750000000	155586.976700000	127.898770000000	338.988990000000
236.423000000000	142640.107000000	144.500000000000	340.742000000000
236.855490000000	120056.855400000	158.535290000000	370.316300000000
237.240820000000	129678.247800000	160.614670000000	417.173480000000
237.745350000000	132211.395600000	175.597610000000	450.864590000000
237.991000000000	133436.457800000	184.500000000000	516.269000000000
286.200000000000	135324.681600000	643.600000000000	562
286.200000000000	127599.712700000	687.900000000000	562
287.200000000000	128077.310900000	737.900000000000	639
293.700000000000	135220.885400000	747.900000000000	694
234.626510000000	134816.364500000	562.582010000000	913.958430000000
254.893230000000	133326.910800000	617.870450000000	1006.60506000000
282.944310000000	132375.377000000	690.124100000000	1161.03664000000
286.559030000000	129318.529300000	697.276220000000	1296.15311000000
301.535720000000	130592.360700000	732.442330000000	1485.58380000000
365.871770000000	129142.792400000	348.422180000000	1698.70833000000
329.098620000000	127461.120500000	317.067020000000	2057.02446000000
25325.1105400000	140653.059500000	11705.4002200000	58553.6845000000
27427.8169800000	153375.818200000	12461.3856800000	63945.8615900000
30281.2013000000	174309.968200000	13787.5890300000	76441.8869700000
31013.7031900000	184117.452500000	14382.3749500000	79790.2446300000
32457.7612600000	199588.394600000	14958.0305600000	84507.0312600000
30064.6183600000	222195.913900000	13687.4627000000	84341.9992300000
32416.5632700000	244526.995500000	14833.4304800000	97166.9350100000
38383.6808600000	292394.124800000	17255.3685100000	116822.446800000
44161.9723500000	336576.599700000	20287.1986700000	133916.705400000
40764.8194700000	341089.626200000	17755.7819600000	139241.964000000
36390.7675800000	332940.611200000	17027.2914700000	135936.297900000
37050.1898800000	350342.264900000	16344.3134700000	139441.515900000
38219.4779900000	355936.455800000	15632.8946000000	144398.200600000
39858.2143900000	352492.296000000	14911.4796900000	148191.731100000
39848.8501100000	337621.812800000	15045.6787300000	144861.037400000
39039.3625400000	350710.984200000	14610.5437100000	152661.588900000
36798.1448800000	342149.777500000	13350.2690600000	143321.119300000
39602.3837300000	354272.484000000	14203.3520100000	149255.067100000
40986.7267600000	362558.822900000	12805.0292700000	156520.647800000
43360.1401400000	369648.146100000	14479.7522400000	163989.469100000
43937.2579900000	354212.450900000	14565.2746100000	173277.175200000
41601.4737900000	331343.151800000	13908.9493200000	173398.509900000
42564.4239500000	316702.439600000	14314.0684200000	240661.181600000
39106.8848500000	321471.395200000	14381.7861600000	266029.820400000
44211.4863800000	373501.478100000	16377.3312700000	364335.842700000
39420.8768000000	375831.775100000	15669.6907000000	420546.522700000
42580.3974200000	422107.759500000	15210.3570100000	453003.162900000
46404.1444700000	448772.676500000	16356.1168600000	477555.340100000
47010.3480100000	464177.250200000	15371.4907300000	535497.571200000
45292.0674500000	507760.890500000	15607.2437200000	526931.194900000
47305.8769800000	534665.692600000	15997.8556800000	542138.922100000
53729.1817900000	508108.312900000	13483.6626700000	512814.579800000
46425.5731600000	489547.505800000	15590.3975500000	509099.764100000
44237.1457800000	504727.836800000	18309.7108100000	492025.590900000
41933.3955400000	560139.396900000	14599.4888200000	472452.673000000
43014.5983400000	540350.825900000	12579.8959600000	470478.540100000
44912.3860300000	588382.982300000	9151.81627000000	566221.027300000
45232.2088700000	585073.929200000	9930.31564000000	599045.941400000
49197.3758300000	598082.797600000	12461.9372500000	615962.246000000
54587.5283300000	559476.828100000	15441.4623700000	594761.712000000
59155.7447600000	584018.132800000	17109.0057400000	582403.446800000
56210.6274000000	551216.467600000	17380.6232400000	639833.959100000
58649.2588500000	582624.277200000	14231.3393900000	655439.991600000
60387.8436400000	565418.477500000	13824.5682000000	574566.622100000
46810.1188900000	597665.040500000	12891.7746200000	503613.420700000
45463.2679400000	593147.760200000	12941.7995500000	455765.437200000
43775.6022500000	603306.954200000	13343.7351900000	461834.164200000
37490.2636800000	628199.689300000	11019.3298600000	427566.297200000
38348.0245100000	571738.739100000	10196.7661200000	411165.150900000
32288.2927000000	555575.442100000	7587.28226000000	350450.588900000
756.691890000000	43145.3546400000	2.97221000000000	8911.96913000000
2469.13509000000	54319.2278400000	573.067520000000	13515.5999800000
3419.00053000000	67698.6482000000	992.586850000000	22165.4704600000
3473.73973000000	74816.2124600000	1264.54086000000	24144.3748500000
4118.63056000000	87115.4011500000	1459.53715000000	27246.4041800000
6688.73695000000	129421.178500000	2553.06401000000	37109.8649100000
8127.27957000000	148127.128000000	3263.96005000000	48089.2258100000
11725.8126000000	186593.764500000	4557.69399000000	62958.8943600000
13906.1785500000	216496.709700000	5875.76039000000	72783.3648800000
14830.5990800000	238161.296200000	5402.79535000000	86840.5781800000
14660.5398500000	246697.183700000	6676.75040000000	92029.2887900000
14410.6225800000	260489.829700000	5560.63585000000	93697.1409500000
17070.4627800000	271999.758100000	5559.19669000000	101665.560400000
20925.7889800000	277352.850900000	5893.58772000000	109937.821200000
20450.1641500000	260631.862000000	5805.69756000000	105665.024800000
20746.7011200000	278110.649100000	5897.38412000000	115700.354100000
19420.7976500000	273182.162300000	5073.09188000000	108209.322500000
21466.2578000000	282293.410300000	5564.75335000000	112610.120000000
22873.9166600000	294598.997000000	5153.92811000000	122859.018400000
25568.9528900000	304094.145100000	5486.43693000000	131192.451500000
22930.3609500000	283864.482700000	4489.79466000000	137235.130100000
23672.8343500000	268632.999300000	4208.08434000000	140568.371200000
22631.2378300000	250659.915000000	4213.59535000000	205501.308900000
20607.1040800000	257654.508700000	4571.46364000000	232180.658900000
22581.0130300000	299610.703000000	5676.03384000000	328727.537700000
19990.4804100000	304187.320500000	5115.79248000000	388764.146500000
24543.1920500000	351771.312700000	5515.47453000000	422200.984400000
28142.1870700000	380502.456600000	6870.38901000000	445096.736700000
29026.7788500000	391469.004900000	5598.96959000000	501887.540000000
29025.2882100000	436582.460700000	6341.57022000000	494903.780500000
32053.8029300000	475899.012400000	7272.38917000000	514381.341500000
37689.7517500000	464661.709000000	7447.04116000000	490584.955400000
34657.8553800000	456032.997400000	7478.16385000000	485899.458000000
35601.9730900000	482909.070100000	11227.9464500000	474310.677200000
41422.8832600000	559814.214400000	14481.7342400000	465532.622900000
42838.4401500000	539922.376200000	12281.9685000000	468023.726200000
44860.1123900000	588260.701800000	9090.33723000000	565515.244000000
45210.8461700000	585025.689200000	9914.79294000000	598765.589900000
49197.3758300000	598082.797600000	12461.9372500000	615962.246000000
54587.5283300000	559476.828100000	15441.4623700000	594761.712000000
59155.7447600000	584018.132800000	17109.0057400000	582403.446800000
56210.6274000000	551216.467600000	17380.6232400000	639833.959100000
58649.2588500000	582624.277200000	14231.3393900000	655439.991600000
60387.8436400000	565418.477500000	13824.5682000000	574566.622100000
46810.1188900000	597665.040500000	12891.7746200000	503613.420700000
45463.2679400000	593147.760200000	12941.7995500000	455765.437200000
43775.6022500000	603306.954200000	13343.7351900000	461834.164200000
37490.2636800000	628199.689300000	11019.3298600000	427566.297200000
38348.0245100000	571738.739100000	10196.7661200000	411165.150900000
32288.2927000000	555575.442100000	7587.28226000000	350450.588900000
24568.4186500000	97507.7048100000	11702.4280100000	49641.7153700000
24958.6818900000	99056.5903700000	11888.3181600000	50430.2616100000
26862.2007700000	106611.320000000	12795.0021800000	54276.4165100000
27539.9634600000	109301.240000000	13117.8340900000	55645.8697800000
28339.1307000000	112472.993400000	13498.4934100000	57260.6270800000
23375.8814100000	92774.7354500000	11134.3986900000	47232.1343200000
24289.2837000000	96399.8675000000	11569.4704300000	49077.7092000000
26657.8682600000	105800.360300000	12697.6745200000	53863.5524400000
30255.7938000000	120079.890000000	14411.4382800000	61133.3405400000
25934.2203900000	102928.330000000	12352.9866100000	52401.3858100000
21730.2277300000	86243.4275000000	10350.5410700000	43907.0090800000
22639.5673000000	89852.4351600000	10783.6776200000	45744.3749600000
21149.0152100000	83936.6977400000	10073.6979100000	42732.6401200000
18932.4254100000	75139.4451100000	9017.89197000000	38253.9098300000
19398.6859600000	76989.9507700000	9239.98117000000	39196.0125200000
18292.6614200000	72600.3351200000	8713.15959000000	36961.2347900000
17377.3472300000	68967.6151500000	8277.17718000000	35111.7968000000
18136.1259300000	71979.0736200000	8638.59866000000	36644.9470700000
18112.8101000000	67959.8258900000	7651.10116000000	33661.6293900000
17791.1872500000	65554.0010000000	8993.31531000000	32797.0176200000
21006.8970400000	70347.9682000000	10075.4799500000	36042.0451800000
17928.6394400000	62710.1524700000	9700.86498000000	32830.1387300000
19933.1861200000	66042.5245300000	10100.4730700000	35159.8727100000
18499.7807700000	63816.8864900000	9810.32252000000	33849.1614900000
21630.4733500000	73890.7750400000	10701.2974300000	35608.3050100000
19430.3963900000	71644.4546100000	10553.8982200000	31782.3761100000
18037.2053700000	70336.4467500000	9694.88248000000	30802.1784300000
18261.9574000000	68270.2199000000	9485.72785000000	32458.6034700000
17983.5691600000	72708.2453900000	9772.52114000000	33610.0312300000
16266.7792400000	71178.4297900000	9265.67350000000	32027.4144300000
15252.0740500000	58766.6802400000	8725.46651000000	27757.5806000000
16039.4300400000	43446.6039000000	6036.62151000000	22229.6243200000
11767.7177800000	33514.5083700000	8112.23370000000	23200.3061100000
8635.17269000000	21818.7666600000	7081.76436000000	17714.9137300000
510.512280000000	325.182540000000	117.754580000000	6920.05005000000
176.158190000000	428.449750000000	297.927460000000	2454.81382000000
52.2736400000000	122.280570000000	61.4790400000000	705.783270000000
21.3627000000000	48.2400400000000	15.5227000000000	280.351440000000
0	0	0	0
0	0	0	0
0	0	0	0
0	0	0	0
0	0	0	0
0	0	0	0
0	0	0	0
0	0	0	0
0	0	0	0
0	0	0	0
0	0	0	0
0	0	0	0
363.560680000000	5765.84489000000	2749.44090000000	19228.9507600000
208.360150000000	6140.83606000000	1064.95607000000	7709.32471000000
141.991940000000	5645.59746000000	738.360670000000	8263.92788000000
81.8399900000000	5021.47028000000	964.549610000000	11954.4897600000
153.653090000000	5620.15696000000	2109.78466000000	20902.7288700000
175.647640000000	4634.83059000000	2130.44666000000	19610.2062100000
211.046420000000	4911.10826000000	3496.54787000000	42311.9642600000
243.663770000000	4504.94779000000	4912.94903000000	39824.8719500000
79.2444900000000	3396.19188000000	4896.19117000000	39492.0507200000
79.4797400000000	4587.11693000000	6108.61039000000	42305.9343400000
935.549720000000	5692.67830000000	5636.00110000000	42524.9873600000
895.859720000000	5913.80830000000	3577.78486000000	32438.0606500000
583.996170000000	6491.99713000000	3742.13140000000	41304.9770800000
510.299830000000	5205.05835000000	6520.54264000000	49380.0137300000
1275.74972000000	11561.1271700000	3549.44155000000	43074.9794500000
1205.09272000000	11495.1537100000	3708.84486000000	40802.5680900000
1975.07436000000	11199.5695200000	3209.51977000000	30271.3815000000
3180.03265000000	15950.8188300000	4716.61003000000	38616.2908200000
2829.32921000000	17951.2151800000	4484.99801000000	46250.1773600000
567	19419.7500000000	5074.65000000000	100188.900000000
413.910000000000	12003.3900000000	7592.13000000000	87062.8500000000
606.690000000000	6157.62000000000	4348.89000000000	60924.1500000000
102.070890000000	3028.10240000000	3317.30318000000	57426.2040200000
37.1247800000000	1624.17758000000	10983.2791500000	80946.9757600000
31.8600200000000	4413.69992000000	1472.44837000000	8169.13846000000
92.8779400000000	5195.76398000000	1080.24586000000	4401.57666000000
315.233460000000	2784.04394000000	386.785180000000	3844.90213000000
283.779810000000	3884.48900000000	339.401660000000	3316.38930000000
316.043870000000	1277.40542000000	287.693030000000	1322.36171000000
281.601970000000	1089.68873000000	399.588550000000	3984.27595000000
112.591230000000	823.778880000000	319.953520000000	1131.98715000000
205.794410000000	789.190920000000	367.439820000000	529.340380000000
17.6024000000000	425.452980000000	129.676640000000	982.467830000000
19.7573500000000	740.450350000000	97.1416700000000	861.009400000000
17.0861500000000	681.415950000000	62.8803000000000	838.797680000000
21.4039100000000	928.351830000000	91.5690900000000	1112.33788000000
38.8312800000000	1668.53794000000	95.7501900000000	1344.29327000000
46.7377600000000	2029.05968000000	81.5601700000000	2066.56990000000
61.0304600000000	2690.14874000000	98.9902700000000	2440.04493000000
49.9661400000000	1633.72415000000	265.643360000000	1259.37980000000
31.1087900000000	2104.25006000000	164.480520000000	1832.75118000000
31.0534600000000	2580.57712000000	159.615820000000	3416.60615000000
16.0650300000000	1465.40261000000	98.2413700000000	837.635230000000
25.2688700000000	1609.56881000000	65.6668800000000	1411.80029000000
33.4052600000000	2215.33709000000	55.8927600000000	1834.66033000000
51.5180700000000	2291.22069000000	49.1456900000000	1690.02826000000
49.9536100000000	2163.49436000000	53.9048500000000	1688.58009000000
22.5664900000000	1216.78432000000	29.2807300000000	1047.45646000000
6.94161000000000	674.089230000000	12.5868900000000	786.623990000000
8.21227000000000	1142.46582000000	7.69011000000000	615.531280000000
2903.00986000000	35651.6736800000	12087.9557200000	293995.453200000
3033.06774000000	36145.5002400000	13068.0499400000	304634.555100000
3926.29514000000	40829.1070500000	12308.7020600000	328630.918400000
4049.56985000000	44069.3309800000	12429.5409400000	349923.848100000
4139.33166000000	43878.3313300000	15655.1548500000	406905.771300000
4233.62057000000	44236.1943900000	13374.2950100000	437635.307000000
2978.28198000000	39935.6632400000	11813.6374900000	444718.445700000
4088.06101000000	43559.3354000000	12409.9983700000	435741.346800000
4159.82391000000	47123.7703800000	14666.9287800000	491894.370900000
4602.21743000000	56973.4105800000	17522.1681000000	571434.001000000
4927.29454000000	58694.7742000000	16677.8795600000	571469.957000000
4994.31856000000	60923.0110100000	16255.6665800000	582256.214900000
5359.61142000000	65818.2398300000	18899.2741900000	670387.069900000
5102.49467000000	70897.5119300000	16933.6109000000	690471.179900000
5509.50447000000	75764.1892900000	16181.2571300000	658687.562700000
4157.96954000000	71567.2221500000	14358.4249300000	584169.463400000
3395.56500000000	70881.6793700000	14299.6919700000	595427.364100000
3474.91370000000	63610.5812500000	14481.2234900000	597000.838100000
4186.76580000000	71891.4802400000	13221.8534500000	605481.572600000
6400.73962000000	85187.6731600000	16546.6947100000	670627.410300000
5838.19498000000	70530.0306600000	17305.8769700000	697333.820900000
4656.55284000000	62378.9402600000	11364.9267400000	744341.340200000
5983.70870000000	58816.8035500000	9832.92266000000	706026.743900000
5978.14747000000	58761.7262900000	9887.71394000000	709958.082700000
5439.12541000000	74380.6437800000	20573.2857000000	948412.120500000
6204.45255000000	73849.4990500000	10816.7220100000	925725.079900000
6202.91174000000	73233.9133300000	6394.44526000000	910622.752900000
7107.69893000000	81697.7660100000	5622.23115000000	996276.783800000
6283.52686000000	83258.3829500000	5465.82668000000	1069890.52900000
5921.21174000000	90960.4540400000	14287.8477300000	1127639.10500000
5465.46430000000	72469.3601300000	28792.2530000000	1062280.44300000
6142.76744000000	67206.6324000000	42408.8271900000	1159861.84400000
7591.24457000000	76424.1199900000	37895.3051200000	1207634.58000000
6646.02971000000	60059.1319800000	34676.4979900000	1162233.03200000
6784.72750000000	65790.0381000000	31867.0929900000	1303507.62500000
7020.01408000000	53614.5163200000	29675.3885000000	1341939.43600000
5870.45121000000	39431.1216100000	7279.96315000000	1427358.54500000
4352.63186000000	32015.9448900000	9644.47309000000	1623786.34900000
4860.67530000000	39523.7582000000	10122.3369900000	1615859.34700000
6540.91225000000	44012.1298600000	14880.2644500000	1609812.19600000
5987.87765000000	45297.1354200000	10300.9908200000	1466385.91500000
5962.49841000000	39970.9311400000	15940.5816100000	1413108.59900000
5452.01681000000	53098.3668900000	12960.6048400000	1514130.05900000
6615.23480000000	53304.6512400000	10314.1361200000	1550804.11000000
5699.72863000000	53656.8384000000	10017.9841800000	1615826.29200000
5048.60697000000	44797.2399800000	10286.8330300000	1496823.58100000
5648.77695000000	43584.2741900000	11374.5464000000	1521418.26200000
5633.41659000000	41314.3152000000	26239.6590400000	1555949.10000000
9086.19109000000	60266.8477000000	22556.2664900000	1384083.05100000
7318.52855000000	60934.4104700000	22673.0294400000	1489198.46300000
1666.96288000000	22930.0001500000	1370.61388000000	21182.7761400000
1622.35530000000	22316.3986400000	1333.93658000000	20615.9299100000
1689.37767000000	22359.4101700000	1870.59120000000	24925.6274400000
1688.83540000000	22352.2330200000	1869.99076000000	24917.6265500000
1773.54634000000	23473.4075900000	1963.78835000000	26167.4797300000
1814.45774000000	27182.6310700000	1437.87218000000	22971.7197000000
1884.88737000000	28237.7463200000	1493.68432000000	23863.3851500000
1736.70329000000	26819.0019400000	1321.73877000000	22592.5116400000
1907.68528000000	29459.3877300000	1451.86669000000	24816.7908400000
2048.19865000000	23618.6257000000	1608.53297000000	25028.7729500000
2086.44861000000	24059.7016800000	1638.57220000000	25496.1832800000
1971.67898000000	24770.5711100000	1711.67734000000	25918.9116000000
2111.27678000000	26524.3642900000	1832.86666000000	27754.0090200000
3463.13605000000	29656.7486500000	1808.46770000000	30420.4417500000
3316.75854000000	28403.2371300000	1732.02857000000	29134.6509500000
2862.01868000000	22026.9437200000	1923.91255000000	26208.6709700000
3179.37423000000	24469.4059500000	2137.24602000000	29114.8248900000
3705.47556000000	29741.6027300000	2010.30199000000	32365.8617700000
3979.30327000000	31939.4515700000	2158.85956000000	34757.6384900000
4163.90980000000	33421.1760800000	2259.01266000000	36370.1033400000
3707.89033000000	29760.9850200000	2011.61209000000	32386.9542600000
3556.01097000000	28541.9414300000	1929.21415000000	31060.3480100000
3242.78356000000	26027.8553800000	1759.28140000000	28324.4308200000
3395.10779000000	27250.4693100000	1841.92067000000	29654.9224800000
3620.44850000000	29059.1423800000	1964.17294000000	31623.1843200000
3374.13702000000	27082.1494800000	1830.54351000000	29471.7509300000
3299.15051000000	26480.2786600000	1789.86174000000	28816.7738100000
3729.87790000000	29937.4657900000	2023.54080000000	32579.0069100000
3596.87227000000	28869.9100600000	1951.38227000000	31417.2550700000
3689.27084000000	29611.5374200000	2001.51059000000	32224.3201300000
3796.53959000000	30472.5188100000	2059.70626000000	33161.2704500000
3396.44227000000	27261.1805800000	1842.64465000000	29666.5788700000
3462.78628000000	27793.6833400000	1878.63770000000	30246.0671200000
3526.01639000000	28301.1930800000	1912.94145000000	30798.3571800000
3685.39439000000	29580.4237200000	1999.40755000000	32190.4611200000
3622.10073000000	29072.4039200000	1965.06934000000	31637.6159900000
3515.21323000000	28214.4828600000	1907.08048000000	30703.9960900000
3713.41901000000	29805.3602000000	2014.61147000000	32435.2449400000
3887.41306000000	31201.9046900000	2109.00707000000	33955.0139200000
3928.08367000000	31528.3431300000	2131.07178000000	34310.2557600000
3869.17481000000	31055.5174800000	2099.11245000000	33795.7102000000
3545.01718000000	28453.7010100000	1923.24977000000	30964.3217100000
3503.07559000000	28117.0613700000	1900.49559000000	30597.9785600000
3238.58943000000	25994.1914000000	1757.00599000000	28287.7965300000
3280.97583000000	26334.4014600000	1780.00157000000	28658.0251000000
3263.88144000000	26197.1952700000	1770.72752000000	28508.7125100000
3179.93475000000	25523.4059100000	1725.18452000000	27775.4711700000
3283.83548000000	26357.3541500000	1781.55299000000	28683.0030200000
3048.64491000000	24469.6218000000	1653.95691000000	26628.7061300000
2740.94617000000	21999.9109900000	1487.02355000000	23941.0795600000
64942.9425900000	719793.446000000	50190.1231700000	482442.881700000
67298.2031900000	748747.050700000	50816.3835700000	495527.447100000
71849.3622100000	778690.460600000	52721.0708900000	513591.375000000
74770.4104300000	830028.113400000	54685.5728600000	532417.660500000
76545.8012900000	858891.482200000	55184.7609300000	547229.458800000
78778.5922100000	892484.143500000	56762.5842600000	566541.781000000
83230.5813000000	939049.643400000	58571.7219200000	596020.458600000
85371.7786900000	965147.699900000	59248.7158000000	618697.457300000
93163.9518300000	1028165.10600000	62301.7197400000	667332.223000000
105162.815100000	1073470.37700000	65910.0379100000	704029.795500000
113158.097000000	1124480.32800000	69055.7416400000	742738.487700000
120592.019200000	1151597.01100000	74386.6736200000	780703.291000000
134253.224700000	1222679.37700000	79241.9068600000	836498.287700000
146166.644300000	1264866.84800000	84360.6428100000	890126.335700000
140346.546400000	1236915.26300000	82569.9590800000	881793.793300000
145529.783800000	1268642.96800000	86639.4610200000	922103.087900000
151998.056400000	1327148.78700000	91521.0183900000	980752.778500000
161606.723300000	1398811.48700000	94581.5111700000	1024425.61100000
170362.139400000	1461287.94600000	99398.3948600000	1061057.13200000
168575.561700000	1415277.84800000	94428.5666100000	1029506.36100000
160684.026300000	1332125.20900000	88844.6750900000	950778.449500000
161921.951000000	1328554.72900000	89152.3296500000	972724.257700000
165156.834400000	1312789.69600000	90059.7510500000	1001551.88600000
173322.937600000	1345500.25400000	89765.6596900000	1024440.48200000
181709.327000000	1393029.86700000	91648.0153000000	1033551.85000000
189885.930700000	1404484.51600000	94053.4761900000	1079066.24000000
198793.978600000	1468573.54400000	96119.5750700000	1100571.21100000
206289.273900000	1538648.59500000	99495.8059200000	1078637.89200000
211252.798700000	1594919.34800000	101395.692700000	1096196.10900000
213524.996300000	1633253.84000000	99264.5777400000	1069089.18100000
206580.657200000	1607327.73900000	97951.2902900000	1078976.43900000
213235.350100000	1569061.00600000	100584.734200000	1044192.62700000
218291.953600000	1658074.79100000	102076.584800000	1054201.66100000
226015.070600000	1621739.58300000	107130.687000000	1089688.13700000
236359.975100000	1609024.30900000	108812.946100000	1144178.08800000
245934.546800000	1634713.46600000	109587.884300000	1113025.68100000
257759.418900000	1660028.98800000	105608.860800000	1180802.02600000
254831.498600000	1683124.13600000	112106.003700000	1172911.23200000
274468.572400000	1719663.10800000	114238.135700000	1234093.74600000
285845.311500000	1760227.74400000	115626.007200000	1266231.36800000
294006.082200000	1786458.22500000	110697.877400000	1301556.28500000
304818.121600000	1833818.70900000	112820.876100000	1336638.64400000
318886.964100000	1924704.24900000	116433.504600000	1398295.08400000
321933.973300000	1914484.92500000	118035.385500000	1403453.14300000
340270.168400000	1961232.17000000	121241.459200000	1437901.91600000
352127.675800000	1989629.70400000	120085.263300000	1452431.07400000
361644.571500000	1999422.23000000	121789.413600000	1489315.30200000
365383.208000000	1987289.90700000	119699.481700000	1516671.18800000
343133.259800000	1901794.84000000	115551.747200000	1503511.15500000
331839.128800000	1866541.04600000	120780.524200000	1510370.29500000
64942.9425900000	719793.446000000	50190.1231700000	482442.881700000
67298.2031900000	748747.050700000	50816.3835700000	495527.447100000
71849.3622100000	778690.460600000	52721.0708900000	513591.375000000
74770.4104300000	830028.113400000	54685.5728600000	532417.660500000
76545.8012900000	858891.482200000	55184.7609300000	547229.458800000
78778.5922100000	892484.143500000	56762.5842600000	566541.781000000
83230.5813000000	939049.643400000	58571.7219200000	596020.458600000
85371.7786900000	965147.699900000	59248.7158000000	618697.457300000
93163.9518300000	1028165.10600000	62301.7197400000	667332.223000000
105162.815100000	1073470.37700000	65910.0379100000	704029.795500000
113158.097000000	1124480.32800000	69055.7416400000	742738.487700000
120592.019200000	1151597.01100000	74386.6736200000	780703.291000000
134253.224700000	1222679.37700000	79241.9068600000	836498.287700000
146166.644300000	1264866.84800000	84360.6428100000	890126.335700000
140346.546400000	1236915.26300000	82569.9590800000	881793.793300000
145529.783800000	1268642.96800000	86639.4610200000	922103.087900000
151998.056400000	1327148.78700000	91521.0183900000	980752.778500000
161606.723300000	1398811.48700000	94581.5111700000	1024425.61100000
170362.139400000	1461287.94600000	99398.3948600000	1061057.13200000
168575.561700000	1415277.84800000	94428.5666100000	1029506.36100000
160684.026300000	1332125.20900000	88844.6750900000	950778.449500000
161921.951000000	1328554.72900000	89152.3296500000	972724.257700000
165156.834400000	1312789.69600000	90059.7510500000	1001551.88600000
173322.937600000	1345500.25400000	89765.6596900000	1024440.48200000
181709.327000000	1393029.86700000	91648.0153000000	1033551.85000000
189885.930700000	1404484.51600000	94053.4761900000	1079066.24000000
198793.978600000	1468573.54400000	96119.5750700000	1100571.21100000
206289.273900000	1538648.59500000	99495.8059200000	1078637.89200000
211252.798700000	1594919.34800000	101395.692700000	1096196.10900000
213524.996300000	1633253.84000000	99264.5777400000	1069089.18100000
206580.657200000	1607327.73900000	97951.2902900000	1078976.43900000
213235.350100000	1569061.00600000	100584.734200000	1044192.62700000
218291.953600000	1658074.79100000	102076.584800000	1054201.66100000
225738.757700000	1619745.35000000	106925.589700000	1089168.44700000
235637.071800000	1606213.94900000	108282.292400000	1142889.78000000
243661.189300000	1625957.07700000	107951.526200000	1108808.76100000
255842.068400000	1652643.97900000	104228.773500000	1179232.19100000
252926.698300000	1675718.15000000	110722.333900000	1169202.11000000
273000.078400000	1714075.47500000	111911.406800000	1228599.91100000
284575.991100000	1755387.38000000	113682.802100000	1261498.74400000
292553.170900000	1780944.45400000	108485.336300000	1296134.12500000
302807.431800000	1826168.39200000	112084.924600000	1331150.26400000
317740.577000000	1915727.50600000	115798.622200000	1395903.88700000
320828.097900000	1864478.21700000	117523.453400000	1401506.02300000
339206.114700000	1889008.65300000	120684.972100000	1435594.60900000
338381.911800000	1910619.36300000	119040.448800000	1451039.31700000
347095.810800000	1921355.85800000	120777.018000000	1451725.28800000
349188.225900000	1905427.05900000	118391.777400000	1463001.16900000
323624.498100000	1818652.51000000	112761.219200000	1439690.98000000
312388.108300000	1784822.74300000	116665.755000000	1443639.30900000
140274.585000000	1301826.10500000	207301.185000000	2815482.55500000
159092.955000000	1400173.87500000	218948.040000000	2831992.87500000
163460.655000000	1483423.06500000	247089.690000000	2959562.83500000
169532.724000000	1623369.50300000	239910.808000000	3044427.71100000
174623	1817240.67000000	226697.344000000	3040491.91300000
166063.384000000	1813213.34200000	224252.552000000	3181455.85400000
174447.576000000	1982304.88000000	247389.808000000	3404262.30200000
169085.366100000	2048733.96800000	280382.012800000	3638596.32900000
189964.901300000	2187259.75500000	286329.487500000	3836858.98400000
210332.010300000	2189883.37300000	276591.183800000	4024716.69400000
204382.708900000	2241295.47800000	292521.932400000	4203877.35500000
225898.123900000	2265324.45800000	291725.788800000	4482575.72900000
241355.340800000	2303562.22700000	311896.837000000	4531776.68300000
226324.748000000	2154045.47100000	274017.805400000	4746154.93800000
204955.230700000	1937139.68300000	273397.058600000	4584002.31000000
164345.626100000	1937321.75900000	255637.135800000	4046930.49100000
180180.866600000	1849711.29300000	294878.146800000	4074689.90100000
176448.972500000	1864186.79400000	242911.860100000	4254884.86900000
186366.055800000	1646333.04200000	225451.141000000	4329772.85200000
180579.787700000	1900356.50000000	223092.328900000	4131399.27200000
173977.171400000	1890886.55400000	231330.181400000	4226104.77500000
192207.583900000	1947370.39100000	205433.714800000	4052341.11700000
142322.866900000	1765171.45400000	213350.460400000	3503024.63500000
120418.054500000	1601037.23000000	184594.976200000	3335519.16400000
126844.148400000	1739833.35500000	169780.751800000	3556198.05000000
137315.025800000	1925458.88900000	162311.548300000	3514372.64200000
105197.206100000	1591044.55200000	144531.872800000	3312929.24900000
121405.838700000	1992956.39200000	164587.577700000	3435412.60600000
128594.321000000	1860390.85000000	185245.548400000	3665186.60200000
151467.840200000	2047845.05100000	205131.270400000	3886116.38900000
130781.246500000	2101602.03500000	251469.930700000	3877832.71200000
128178.197500000	2208285.48400000	227349.464500000	3824190.26600000
133771.061400000	2294134.96900000	211096.229000000	3768324.32200000
118159.062400000	2213111.10600000	224999.088800000	3925166.11700000
139733.028700000	2334776.98100000	221478.985600000	3885072.55100000
127944.697700000	2109955.87300000	219475.723300000	4037538.72400000
125264.868400000	2017680.07900000	233557.023900000	4268665.34900000
137588.451500000	2185029.24700000	261880.957300000	4231566.37000000
161086.489300000	2418687.91300000	241405.555800000	4377956.65600000
167770.157600000	2379557.56200000	231312.189700000	4138086.28500000
208137.076600000	2456438.19200000	259018.043900000	4550105.65500000
244424.024700000	2513856.34000000	259625.573000000	4389907.65200000
255247.289400000	2318656	229690.795800000	4449191.41800000
275650.115100000	2317062.58300000	225220.296100000	4180255.72600000
356264.741800000	2462247.16000000	229164.813700000	4043094.26400000
329301.673000000	2304462.86800000	225351.986600000	3625116.41500000
365229.565100000	2375928.94400000	227660.604200000	3549526.72000000
401991.634100000	2441192.08300000	240560.691400000	3642271.11900000
409965.957900000	2475017.12200000	250857.956200000	3657242.40600000
376674.790700000	2391376.80800000	247119.556900000	3462210.40200000
140274.585000000	1301826.10500000	207301.185000000	2815482.55500000
159092.955000000	1400173.87500000	218948.040000000	2831992.87500000
163460.655000000	1483423.06500000	247089.690000000	2959562.83500000
169532.724000000	1623369.50300000	239910.808000000	3044427.71100000
174623	1817240.67000000	226697.344000000	3040491.91300000
166063.384000000	1813213.34200000	224252.552000000	3181455.85400000
174447.576000000	1982304.88000000	247389.808000000	3404262.30200000
169085.366100000	2048733.96800000	280382.012800000	3638596.32900000
189964.901300000	2187259.75500000	286329.487500000	3836858.98400000
210332.010300000	2189883.37300000	276591.183800000	4024716.69400000
204382.708900000	2241295.47800000	292521.932400000	4203877.35500000
225898.123900000	2265324.45800000	291725.788800000	4482575.72900000
241355.340800000	2303562.22700000	311896.837000000	4531776.68300000
226324.748000000	2154045.47100000	274017.805400000	4746154.93800000
204955.230700000	1937139.68300000	273397.058600000	4584002.31000000
164345.626100000	1937321.75900000	255637.135800000	4046930.49100000
180180.866600000	1849711.29300000	294878.146800000	4074689.90100000
176448.972500000	1864186.79400000	242911.860100000	4254884.86900000
186366.055800000	1646333.04200000	225451.141000000	4329772.85200000
180579.787700000	1900356.50000000	223092.328900000	4131399.27200000
173969.824800000	1890886.55400000	231330.181400000	4226104.77500000
192207.583900000	1947370.39100000	205432.671000000	4052341.11700000
142322.866900000	1765171.45400000	213347.341500000	3503023.60300000
120418.054500000	1601037.23000000	184594.976200000	3335504.76400000
126844.148400000	1739833.35500000	169780.751800000	3556195.97900000
137315.025800000	1925458.88900000	162311.548300000	3514363.30200000
105102.629100000	1591044.55200000	144531.872800000	3312909.49600000
121301.212500000	1992956.39200000	164587.577700000	3435408.44800000
128594.321000000	1860390.85000000	185245.548400000	3665182.45100000
151467.840200000	2047845.05100000	205131.270400000	3886107.17200000
130781.246500000	2101602.03500000	251469.930700000	3876543.01900000
128178.197500000	2208285.48400000	227349.464500000	3823074.97300000
133771.061400000	2294134.96900000	211096.229000000	3768323.10300000
118159.062400000	2213111.10600000	224999.088800000	3925162.88900000
139733.028700000	2334776.98100000	221478.985600000	3885071.76100000
127944.697700000	2109955.87300000	219475.723300000	4037537.98500000
125264.868400000	2017680.07900000	233557.023900000	4268665.34900000
137588.451500000	2185029.24700000	261880.957300000	4231566.37000000
161086.489300000	2418687.91300000	241405.555800000	4377956.65600000
167770.157600000	2379557.56200000	231312.189700000	4138068.25700000
208137.076600000	2456438.19200000	259018.043900000	4550105.65500000
244424.024700000	2513856.34000000	259625.573000000	4388363.69500000
255247.289400000	2318656	229690.795800000	4449189.14900000
275650.115100000	2317062.58300000	225220.296100000	4180255.72600000
356264.741800000	2462247.16000000	229164.813700000	4043094.26400000
329301.673000000	2304462.86800000	225351.986600000	3625116.38400000
365229.565100000	2375928.94400000	227660.604200000	3549526.72000000
401991.634100000	2441192.08300000	240560.691400000	3642271.11900000
409965.957900000	2475017.12200000	250857.956200000	3657242.40600000
376674.790700000	2391376.80800000	247119.556900000	3462210.40200000
11287.8242300000	280568.749300000	14155.0009100000	432847.848200000
10429.4137500000	272675.946700000	12740.2812400000	443410.862200000
11349.7564300000	283480.149500000	14216.2410100000	475271.720400000
13363.7418200000	277390.291400000	14480.5354300000	542719.392800000
12682.2900600000	293058.807500000	16569.3371500000	581851.727700000
11770.4855400000	296339.012900000	17727.8474000000	585650.194400000
17281.8132000000	307450.563100000	18401.9083100000	630853.392000000
18092.5213300000	287618.346200000	18865.2487000000	659660.775100000
19618.6840700000	316730.120600000	21374.5829200000	693796.809300000
22398.6331100000	330841.118600000	19033.6109300000	726143.173300000
29593.3457200000	331538.398000000	20160.2782300000	741191.469200000
24664.0769300000	329898.561900000	15978.8572100000	762071.522300000
29006.5634000000	350438.028700000	17726.5688900000	830419.423300000
28613.1496300000	371396.690400000	21119.6993600000	896990.083300000
32973.2785400000	367786.972300000	24229.8763000000	904445.103800000
21572.5075900000	361363.279700000	25769.2660200000	854515.356100000
20716.2071500000	387187.938100000	25379.3590400000	984217.651700000
23625.7875500000	431330.628100000	23907.0658600000	1125314.47800000
26824.1319200000	454365.887600000	26082.3582100000	1211922.98600000
26665.0903600000	517738.128600000	27884.3967600000	1387742.81200000
19639.6772200000	455047.290500000	27986.2263300000	1439316.93400000
16334.6184900000	306929.444500000	21450.4412100000	1117380.19900000
14506.9421300000	305032.990500000	22020.9859900000	950392.816000000
15149.1859600000	446063.694900000	33368.0909300000	978825.599900000
21099.3655200000	475447.551300000	22656.5849500000	950264.699300000
21405.0176300000	458177.911400000	19469.5061100000	927027.338800000
21544.5294700000	451270.923300000	20316.1746700000	954380.924400000
21595.7596800000	461376.987800000	24104.5381700000	978854.699600000
22657.2537900000	490704.500600000	25472.5225900000	1069161.72400000
21605.8863500000	472334.383500000	23107.7072000000	1029709.62700000
21367.1222000000	471023.426700000	21841.8358500000	1155882.35800000
20261.5182200000	410366.423300000	23521.6903600000	1113826.83500000
25550.9885900000	426647.534300000	27274.5524800000	1206738.85100000
20340.7043900000	393036.169100000	30491.8875000000	1196702.66800000
22118.4216000000	416457.517200000	28843.4453100000	1224594.48600000
25745.8043700000	403219.823600000	26548.6622100000	1181766.29700000
29544.5506700000	431862.676000000	38765.0102800000	1333557.58200000
32170.4691200000	417675.357500000	37460.3513000000	1422954.04300000
41026.8075300000	414238.441800000	41038.8252000000	1354069.18700000
39793.4478000000	449872.016300000	40210.7340200000	1336207.74300000
37252.2066000000	421701.186600000	38736.7804000000	1311063.27700000
23861.9226200000	478354.983900000	22171.5927900000	1244947.80700000
30218.3430400000	476293.716700000	29545.0425200000	1245852.13400000
29854.7258000000	448623.574600000	30608.0326200000	1320998.54500000
38661.3232300000	453232.891500000	32575.1749500000	1416165.20300000
37472.2316400000	459451.678100000	31356.2286000000	1361436.83500000
34716.4313200000	427463.281100000	30424.8135900000	1656057.09700000
34199.6457400000	436307.893400000	32592.6920800000	1587638.30200000
29756.8525300000	375156.530200000	28233.9542600000	1394628.41100000
25454.5465100000	337568.446000000	25843.1050200000	1240083.14100000
121479.973700000	1838667.34200000	107204.583400000	1551953.94700000
126909.372700000	1894758.69200000	107688.054200000	1572252.49500000
135914.955500000	1881335.98000000	115309.127100000	1651700.33000000
144419.098200000	1924058.27300000	118502.672200000	1755830.04400000
147656.914400000	2036424.07000000	126464.977400000	1870340.33700000
145912.672300000	2098227.89900000	128634.685600000	1908986.25600000
159353.130100000	2232322.32300000	126910.697700000	1989268.26200000
167968.510800000	2264444.01300000	126007.807700000	2050993.71900000
188614.222800000	2418015.33800000	143579.702900000	2208741.19100000
201346.975800000	2472895.08700000	147231.587500000	2404529.56200000
213266.258800000	2518242.36900000	155818.565200000	2469057.69300000
221181.827000000	2672183.31500000	157148.541600000	2544152.25200000
261042.466400000	2754233.56400000	173829.754700000	2843193.86900000
325801.347900000	3070394.34900000	191855.305600000	3125948.21400000
325713.251100000	2895504.50700000	193272.124000000	3140490.04200000
306741.780500000	2997279.25900000	199651.917600000	3074389.52900000
307350.127500000	3262549.67800000	202640.213000000	3321987.67300000
351128.131200000	3633444.11600000	212755.780700000	3669061.82000000
357326.629500000	3679336.90700000	215295.723900000	3889322.27100000
345708.077900000	3764322.33700000	214806.319800000	4223496.70400000
301248.139400000	3509565.92300000	201607.177300000	4092185.67600000
284336.847200000	3243996.36500000	213890.626600000	3959216.34400000
278320.898400000	2898533.74600000	187679.487500000	3802950.29700000
288979.751700000	2999229.70600000	208379.798600000	3815637.75800000
311784.357000000	3236869.15600000	202735.441900000	4008300.01500000
316908.902100000	3148547.66400000	188189.117500000	3998788.65600000
334481.932000000	3215069.31600000	188993.622600000	4023687.78000000
341792.738000000	3347840.87400000	197442.138100000	4079009.45800000
347597.757700000	3543721.66300000	199048.494000000	4328167.07700000
352573.925600000	3595912.84800000	199725.534600000	4363099.12200000
347127.611700000	3538334.14100000	211953.787600000	4407508.01000000
354516.610700000	3275646.07700000	229496.196700000	4432739.06500000
365139.494400000	3269464.41900000	234302.542400000	4613856.73400000
380982.105400000	3191769.84200000	236108.672400000	4560067.05200000
389129.400900000	3336682.18900000	224876.653200000	4766062.02800000
410324.203600000	3348178.93300000	209032.838800000	4762283.94200000
440037.041400000	3402132.32300000	220564.793600000	5199088.78100000
441007.970500000	3316364.02700000	233030.443500000	5528801.03100000
478415.613400000	3337018.48100000	244985.568200000	5600592.52400000
504499.437400000	3445192.57800000	254646.444700000	5530880.07000000
512887.568700000	3593940.87700000	247230.978300000	5450037.45900000
518202.619500000	3630702.85300000	241256.492300000	5438355.95200000
529472.776500000	3751956.98300000	246201.705600000	5585197.57600000
537085.260500000	3836552.78900000	249547.171800000	5634040.62300000
562810.043500000	3788160.56000000	259815.878100000	5811592.94000000
591290.712400000	3864856.41600000	258923.462300000	5674946.73300000
602235.487800000	3889441.45300000	269674.017500000	6127760.53600000
596214.975700000	3919392.34100000	281667.323500000	6135178.41600000
578045.162800000	3716441.40200000	264607.554100000	5723609.94200000
540273.348100000	3590000.28600000	251452.547300000	5512412.54600000
0	40761.2330500000	391.560000000000	79038.1074800000
0	40761.2330500000	391.560000000000	90829.4051400000
0	39155.2466400000	933.720000000000	100657.445500000
0	25437.1231200000	843.360000000000	100807.975200000
0	22014.2353600000	301.200000000000	106592.064700000
0	24365.4482800000	753	111534.015100000
0	26068.4856100000	1114.44000000000	108119.596400000
0	19460.9473500000	1144.56000000000	109694.843800000
0	28688.5669400000	1174.68000000000	111190.877100000
0	26243.7876800000	662.640000000000	115468.732300000
0	29396.7622900000	692.760000000000	103585.845400000
0	28717.1473300000	1174.68000000000	105408.863100000
0	35019.7969000000	1204.80000000000	120975.224400000
0	48327.6998800000	1174.68000000000	132469.423700000
0	45149.7759700000	1265.04000000000	119903.642200000
0	46232.1396700000	1234.92000000000	128819.498300000
0	47574.0670600000	1204.80000000000	126720.502400000
0	51375.3894300000	1204.80000000000	134881.415500000
0	51425.2091700000	1355.40000000000	133360.563300000
0	67908.8079000000	1385.52000000000	121290.392800000
0	48548.0191200000	1295.16000000000	131245.990900000
0	49066.9982900000	1688.79111000000	118245.244900000
0	50062.8658500000	1963.12708000000	122823.588800000
0	41844.3029500000	1981.44300000000	117066.209200000
0	44870.6893500000	2199.82631000000	129385.487900000
0	58871.9428500000	2442.71742000000	141589.976500000
0	64759.8857500000	2414.85449000000	137450.006000000
0	63975.0868600000	2375.07128000000	137180.811000000
0	66328.2660200000	2615.64568000000	149202.374200000
0	72224.4487900000	2556.31012000000	143732.184200000
0	79532.3365600000	2922.99817000000	168518.406400000
0	85075.9593100000	2792.18822000000	166009.779800000
0	87364.5464200000	3118.92166000000	177538.990500000
0	82745.3517200000	3518.38690000000	188501.621000000
0	95967.2255800000	3285.53876000000	167296.329700000
0	102813.052000000	3217.24792000000	164388.683800000
0	114007.548000000	3357.31056000000	175405.838200000
0	111141.055200000	3358.22609000000	193254.676900000
0	111182.992400000	3288.71021000000	181427.151800000
0	110633.939100000	3276.24915000000	181130.252500000
0	99101.3995900000	3312.61862000000	185991.777500000
0	100468.541700000	3159.62432000000	193424.585000000
0	112716.722400000	3095.71011000000	196549.207300000
0	99933.0286400000	3530.82429000000	191364.786900000
0	103961.290000000	3585.36932000000	215244.767000000
0	107210.370300000	3553.51555000000	199142.966400000
0	101490.440400000	3907.20236000000	226764.986000000
0	99249.0842800000	3657.65503000000	197896.882200000
0	81722.8783800000	3358.04681000000	172192.351300000
0	75050.8570600000	3492.70044000000	161410.952700000
121479.973700000	1838667.34200000	107204.583400000	1551953.94700000
126909.372700000	1894758.69200000	107688.054200000	1572252.49500000
135914.955500000	1881335.98000000	115309.127100000	1651700.33000000
144419.098200000	1924058.27300000	118502.672200000	1755830.04400000
147656.914400000	2036424.07000000	126464.977400000	1870340.33700000
145912.672300000	2098227.89900000	128634.685600000	1908986.25600000
159353.130100000	2232322.32300000	126910.697700000	1989268.26200000
167968.510800000	2264444.01300000	126007.807700000	2050993.71900000
188614.222800000	2418015.33800000	143579.702900000	2208741.19100000
201346.975800000	2472895.08700000	147231.587500000	2404529.56200000
213266.258800000	2518242.36900000	155818.565200000	2469057.69300000
221181.827000000	2672183.31500000	157148.541600000	2544152.25200000
261042.466400000	2754233.56400000	173829.754700000	2843193.86900000
325801.347900000	3070394.34900000	191855.305600000	3125948.21400000
325713.251100000	2895504.50700000	193272.124000000	3140490.04200000
306741.780500000	2997279.25900000	199651.917600000	3074389.52900000
307350.127500000	3262549.67800000	202640.213000000	3321987.67300000
351128.131200000	3633444.11600000	212755.780700000	3669061.82000000
357326.629500000	3679336.90700000	215295.723900000	3889322.27100000
345708.077900000	3764322.33700000	214806.319800000	4223496.70400000
301248.139400000	3509565.92300000	201607.177300000	4092185.67600000
284336.847200000	3243996.36500000	213890.626600000	3959216.34400000
278320.898400000	2898533.74600000	187679.487500000	3802950.29700000
288979.751700000	2999229.70600000	208379.798600000	3815637.75800000
311784.357000000	3236869.15600000	202735.441900000	4008300.01500000
316908.902100000	3148547.66400000	188189.117500000	3998788.65600000
334481.932000000	3215069.31600000	188993.622600000	4023687.78000000
341792.738000000	3347840.87400000	197442.138100000	4079009.45800000
347597.757700000	3543721.66300000	199048.494000000	4328167.07700000
352573.925600000	3595912.84800000	199725.534600000	4363099.12200000
347127.611700000	3538334.14100000	211953.787600000	4407508.01000000
354516.610700000	3275646.07700000	229496.196700000	4432739.06500000
365139.494400000	3269464.41900000	234302.542400000	4613856.73400000
380705.792500000	3189775.60900000	235903.575100000	4559547.36300000
388406.497500000	3333871.82900000	224345.999400000	4764773.72100000
408050.846200000	3339422.54500000	207396.480800000	4758067.02100000
438119.690900000	3394747.31400000	219184.706300000	5197518.94600000
439103.170200000	3308958.04100000	231646.773700000	5525091.90900000
476947.119400000	3331430.84900000	242658.839300000	5595098.68900000
503230.116900000	3440352.21400000	252703.239500000	5526147.44600000
511434.657400000	3588427.10600000	245018.437200000	5444615.29900000
516191.929700000	3623052.53700000	240520.540800000	5432867.57200000
528326.389300000	3742980.24000000	245566.823200000	5582806.37900000
535979.385100000	3786546.08100000	249035.239800000	5632093.50300000
561745.989800000	3715937.04300000	259259.391000000	5809285.63400000
577544.948400000	3785846.07600000	257878.647700000	5673554.97700000
587686.727100000	3811375.08200000	268661.622000000	6090170.52200000
580019.993600000	3837529.49200000	280359.619200000	6081508.39700000
558536.401000000	3633299.07200000	261817.026100000	5659789.76600000
520822.327600000	3508281.98400000	247337.778100000	5445681.56000000
0	153925.877200000	2624.25546000000	334275.982400000
0	150719.424600000	2721.40404000000	352367.216000000
0	152440.351900000	3467.04462000000	372450.633800000
0	147497.272800000	3414.27846000000	439972.971000000
0	161081.732000000	3129.85488000000	468917.415500000
0	168736.707400000	3745.56378000000	473779.508500000
0	178100.362900000	4250.71134000000	493362.921800000
0	168461.312900000	4333.28250000000	524207.405000000
0	190766.760000000	4707.88428000000	556710.226700000
0	203881.444400000	4261.59198000000	581624.622100000
0	210572.268900000	4306.27464000000	584171.004700000
239.071260000000	208081.374500000	4704.96516000000	617454.899200000
579.597840000000	225802.454000000	5212.30488000000	677948.848800000
159.647100000000	238894.430000000	5758.94604000000	731364.806800000
232.825740000000	238810.826400000	9348.98322000000	743101.561100000
231.331800000000	232321.959200000	8896.16598000000	726800.177000000
374.701740000000	250143.798600000	9934.52664000000	873632.844300000
447.726540000000	277804.904800000	8815.33038000000	1011360.36400000
461.877360000000	293763.412800000	9525.24150000000	1077047.12700000
436.710180000000	313850.250700000	10718.7448800000	1183093.07400000
424.275780000000	289533.848200000	9987.86316000000	1241113.62500000
172.791920000000	206322.070800000	6763.83800000000	966246.815100000
271.903180000000	205044.312400000	6682.91339000000	807960.574800000
0	337528.234800000	8234.14683000000	786595.717900000
0	335408.728200000	6187.82830000000	834412.606700000
0	327168.683800000	6120.03078000000	808150.337600000
0	313235.681800000	6891.66965000000	823399.855600000
0	312868.974400000	7575.16909000000	853533.224200000
0	352120.698000000	8936.91222000000	935529.094600000
742.064870000000	335544.475100000	9167.40216000000	925113.729900000
774.249210000000	335524.913800000	9402.94298000000	1024367.98400000
1236.60522000000	282240.049600000	10721.4202000000	1018139.25400000
1471.52112000000	303112.774700000	12360.1476600000	1093248.44100000
702.047900000000	277356.161800000	11944.6374000000	1077040.70700000
616.194760000000	300984.848000000	12438.5759400000	1115020.22300000
577.087430000000	288109.478800000	11886.3684800000	1067499.04800000
8886.49581000000	315818.734500000	25317.6312300000	1218973.98100000
9704.14517000000	305228.065300000	26670.5684200000	1315393.72300000
9758.31054000000	274113.255100000	24930.2360100000	1240545.28600000
9711.06648000000	277393.362400000	24838.4495500000	1240627.78900000
9571.84729000000	249786.239600000	24324.7605000000	1219557.86200000
2280.63901000000	319059.708600000	14439.2696100000	1130427.72300000
2342.97997000000	325193.325700000	13940.1060000000	1124108.97800000
2396.61272000000	327442.962700000	15334.6199900000	1196373.77400000
2586.13245000000	330258.085500000	17084.8548700000	1297054.72500000
2429.96610000000	341177.693100000	17292.4612600000	1214591.84100000
3221.06213000000	316958.156400000	15574.7876200000	1519639.75800000
3126.87019000000	306577.644900000	14948.3501000000	1454959.08300000
2852.65775000000	265015.471900000	14242.6412000000	1293994.41000000
2170.51386000000	241429.525200000	13793.4903800000	1152425.49900000
36181.4533700000	270161.089200000	7373.05583000000	50154.9817700000
35082.7103500000	248177.524800000	6936.51555000000	52022.8530400000
34533.3739400000	329045.746700000	6791.46314000000	47721.2497900000
34861.2033200000	360333.310400000	6468.79948000000	42717.8665900000
34270.8209100000	331756.585000000	6299.60702000000	43884.2564000000
50095.0282100000	418517.827800000	6074.90564000000	48966.7792100000
58059.8221700000	375877.018300000	6209.51180000000	51980.1208900000
56422.6690300000	473191.996800000	5678.48447000000	49944.1609000000
63456.3526000000	397365.915400000	5705.58598000000	62938.8712500000
67840.0623700000	544918.008500000	5681.81484000000	64351.4597100000
68919.1625700000	521978.116700000	5547.61237000000	62756.8202100000
74136.2519400000	533790.094100000	4964.65394000000	60470.7129900000
75188.7443200000	472311.917100000	4745.50766000000	67559.7279200000
79348.4542900000	553161.738900000	4895.86810000000	78101.5958400000
82058.0861300000	645073.041800000	4918.59476000000	76691.3208600000
80897.3418600000	578577.880100000	6002.34540000000	75871.6855500000
84428.4808900000	422851.602300000	6781.05597000000	75964.6653400000
75680.8705700000	338072.686200000	7327.52063000000	82565.8070300000
79869.7173000000	576600.871800000	7989.09471000000	84175.2141600000
83413.7708300000	559805.649500000	9921.68610000000	89720.8005000000
120006.429100000	591927.627100000	6222.63220000000	65818.6753000000
92583.0395200000	503653.725800000	7731.26660000000	70515.7761300000
94968.3452500000	702807.704600000	8034.90149000000	80753.1367200000
175999.028600000	811006.170600000	9200.70962000000	78067.2571100000
188831.349000000	696739.946200000	9926.48398000000	88645.5332500000
171680.422500000	594659.325400000	10520.9909800000	96301.1759700000
175102.776700000	668070.398300000	11126.7067400000	113055.793000000
123113.582000000	524441.450100000	8592.94641000000	120708.992900000
98749.3068900000	515856.129500000	8594.17854000000	111779.930400000
101553.817300000	742317.818500000	9928.15283000000	127599.786000000
94816.3693600000	673021.572000000	8729.48362000000	117295.199400000
88844.1779800000	658177.210400000	9356.09125000000	122321.662600000
87592.9870000000	642495.612900000	9319.15144000000	136108.762900000
87022.7004400000	822465.201600000	8851.42503000000	117754.153500000
94324.8716800000	636059.772500000	8170.27972000000	115392.326700000
106304.677000000	854610.519600000	9803.50494000000	122114.828300000
114186.125800000	824981.482200000	8611.54468000000	112113.754500000
143638.949100000	767468.538000000	9781.89609000000	126386.405900000
128258.124800000	838296.060900000	10065.1947900000	115580.361900000
116535.326200000	765491.927300000	10334.5273600000	98999.8437700000
102625.940200000	742639.482200000	10719.4473500000	101768.298400000
92736.7932500000	615357.525300000	7924.46009000000	102051.729600000
88265.4671900000	684706.464000000	8195.37527000000	123453.137800000
85280.5067900000	775046.782600000	8800.13460000000	117846.729500000
82799.6086700000	769402.764300000	11721.0955200000	123193.973100000
92489.6057000000	818802.759800000	23514.3723000000	138956.343300000
96082.1323400000	897231.644600000	28322.2247100000	190304.644000000
98077.9717900000	706849.150000000	31839.1022600000	245931.435100000
112169.646900000	677502.460900000	35996.4425800000	346412.835200000
103493.285400000	712704.460200000	35635.3837100000	356634.820600000
784.965520000000	506573.157000000	1199.15309000000	141986.461200000
597.443810000000	522976.225400000	2027.88574000000	137169.762600000
926.000540000000	430086.871400000	1786.03334000000	117609.607900000
713.022000000000	400838.914100000	1410.55867000000	110980.237900000
1309.98115000000	436383.769500000	1090.75200000000	109789.592100000
512.629720000000	438488.476500000	4395.28728000000	90040.0891300000
431.999890000000	482588.962100000	2521.95008000000	87396.3389200000
566.324850000000	453859.928200000	726.676350000000	88628.6320400000
740.255270000000	464625.556100000	613.649740000000	87615.6131400000
1019.50589000000	443972.021000000	638.962400000000	90871.4251100000
662.844190000000	442125.949700000	1383.91613000000	88935.6597000000
3357.42958000000	503392.814900000	2706.01966000000	76236.2512100000
10069.6748300000	490902.216900000	4087.56956000000	93425.6681700000
46093.7953500000	708605.929600000	9984.40381000000	187063.758900000
51505.1651900000	622424.235900000	14926.2619400000	226130.316200000
37358.3176700000	698395.166100000	19147.6497900000	242278.533700000
35574.5367800000	868338.574100000	15428.2380900000	278540.767100000
48947.9672400000	1083947.78900000	14293.6641200000	337771.189500000
31180.2290600000	978486.247600000	8382.54776000000	382721.610400000
30967.7486500000	986942.563900000	6544.61630000000	453139.328000000
8419.09428000000	934884.538900000	6497.50084000000	409093.736500000
1629.24588000000	821469.669700000	5370.46310000000	423167.124500000
2000.01384000000	513380.882900000	4981.48691000000	377018.999900000
3365.14768000000	430792.405200000	21633.5892600000	271584.680800000
3422.89811000000	481206.621200000	14379.2772900000	222499.704600000
1106.82811000000	419494.655200000	5185.28605000000	180515.665300000
255.214600000000	364943.669000000	1651.19021000000	175041.031200000
766.306840000000	418955.598500000	547.636800000000	138134.012200000
343.287860000000	433279.629800000	755.192120000000	152951.399900000
958.509160000000	422630.169700000	1144.61348000000	179619.017100000
174.341970000000	402963.418000000	928.589830000000	172660.395200000
1256.50630000000	284864.485700000	805.662450000000	178764.167500000
656.839230000000	215737.252300000	806.775440000000	192347.928100000
1193.41770000000	233667.539100000	1140.66670000000	141870.545300000
1257.23622000000	263626.102900000	1108.65499000000	135946.181800000
508.735360000000	290762.948000000	1127.41728000000	141737.177800000
673.693170000000	253257.479600000	1224.54841000000	127576.968700000
91.1576700000000	134667.388400000	994.948680000000	138890.914200000
122.751850000000	108096.529900000	853.772530000000	160362.992600000
250.214870000000	149595.770000000	887.364220000000	113891.880700000
431.408090000000	212087.077100000	852.565670000000	137116.443600000
1584.63426000000	160128.687200000	600.846080000000	108370.624300000
183.187210000000	193435.760100000	825.908420000000	106836.238300000
0	147249.177400000	986.929740000000	116652.114900000
250.961580000000	174688.225700000	659.754010000000	135470.900300000
134.704260000000	213376.917100000	543.861400000000	163627.576600000
112.233260000000	237212.352400000	867.746260000000	175774.849200000
135.928710000000	249465.955700000	993.932510000000	205401.774000000
0	260870.718700000	1480.83042000000	185889.868500000
0	242715.849500000	62.7348900000000	152574.964600000
0	0	0	0
0	0	0	0
0	0	0	0
0	0	0	0
0	0	0	0
0	0	0	0
0	0	0	0
0	0	0	0
0	0	0	0
0	0	0	0
0	0	0	0
0	0	0	0
0	0	0	0
0	0	0	0
0	0	0	0
0	0	0	0
0	0	0	0
0	0	0	0
0	0	0	0
0	0	0	0
7.34655000000000	0	0	0
0	0	1.04382000000000	0
0	0	3.11888000000000	1.03208000000000
0	0	0	14.4000400000000
0	0	0	2.07098000000000
0	0	0	9.34067000000000
94.5769500000000	0	0	19.7530300000000
104.626200000000	0	0	4.15858000000000
0	0	0	4.15085000000000
0	0	0	9.21688000000000
0	0	0	1289.69314000000
0	0	0	1115.29268000000
0	0	0	1.21935000000000
0	0	0	3.22779000000000
0	0	0	0.789670000000000
0	0	0	0.738930000000000
0	0	0	0
0	0	0	0
0	0	0	0
0	0	0	18.0277400000000
0	0	0	0
0	0	0	1543.95688000000
0	0	0	2.26879000000000
0	0	0	0
0	0	0	0
0	0	0	0.0308300000000000
0	0	0	0
0	0	0	0
0	0	0	0
0	0	0	0
0	0	0	0
0	0	0	0
0	0	0	0
0	0	0	0
0	0	0	0
0	0	0	0
0	0	0	0
0	0	0	0
0	0	0	0
0	0	0	0
0	0	0	0
0	0	0	0
0	0	0	0
0	0	0	0
0	0	0	0
0	0	0	0
0	0	0	0
0	0	0	0
0	0	0	0
0	0	0	0
0	0	0	0
0	0	0	0
0	0	0	0
0	0	0	0
0	54.7882800000000	0	0
0	111.053280000000	0	0
0	146.577750000000	0	0
0	109.368870000000	0	0
0	93.0875800000000	0	0
3527.55728000000	19753.0092300000	563.337040000000	356.169890000000
3682.45319000000	22097.2635100000	582.999770000000	378.014080000000
3730.50348000000	23864.5149900000	592.449450000000	423.848730000000
3789.45591000000	23597.8067600000	594.131630000000	428.924970000000
3874.57351000000	24688.8306400000	596.607830000000	441.020130000000
3924.91643000000	25226.2316000000	604.033720000000	470.945020000000
3944.44610000000	25428.6331100000	600.502540000000	486.805530000000
3965.25746000000	25636.1209100000	591.328500000000	504.826170000000
3918.45990000000	25072.4603800000	560.516080000000	505.372690000000
3854.31524000000	24582.6386200000	539.916990000000	570.388780000000
3736.04655000000	24016.5650500000	509.569900000000	588.552850000000
3514.96514000000	23120.7874300000	452.381000000000	567.517660000000
3298.53204000000	23072.1665000000	397.746670000000	569.947270000000
3115.93332000000	22533.8488400000	355.147820000000	569.250390000000
3034.09780000000	22046.6455900000	315.869280000000	572.426200000000
2988.60180000000	22326.1155300000	268.938910000000	564.968290000000
2990.72420000000	22035.0804500000	208.835080000000	563.568150000000
3233.96385000000	23165.2580900000	215.752420000000	579.105020000000
3495.03680000000	25557.1098800000	216.014600000000	617.354870000000
4200.04508000000	29231.9382800000	253.269250000000	701.152880000000
4732.12723000000	31397.0054300000	282.527010000000	819.761220000000
4012.94849000000	82097.5305200000	6627.60303000000	38296.3212100000
3836.96290000000	83506.1088900000	6383.18415000000	38880.1140400000
3672.12878000000	86897.6526900000	6119.23528000000	39275.1137400000
4027.53031000000	93021.6373400000	6012.20356000000	37708.9485500000
4089.10173000000	98436.2802500000	6200.87713000000	39136.4229500000
3695.21696000000	97487.8440000000	5626.92142000000	41195.8622100000
3679.36818000000	100672.526800000	5503.67683000000	43784.7656900000
4180.13105000000	101884.788000000	5311.94572000000	43900.7468200000
4147.20373000000	110273.693700000	5259.08546000000	49148.7421100000
4389.12410000000	116252.661600000	5014.25154000000	51072.6541000000
4339.38040000000	116838.798300000	4857.57940000000	52206.9606500000
4526.40288000000	119221.202900000	4679.22274000000	51251.0055300000
4782.42417000000	127646.292700000	4535.82072000000	58945.0126100000
4574.10469000000	130121.586100000	4221.05060000000	60439.0907200000
4782.71253000000	134722.965000000	4152.82025000000	59655.8870300000
5413.77876000000	127489.403600000	5342.78190000000	55819.6357300000
5816.28547000000	144760.144100000	5990.58150000000	64884.2786000000
6838.29550000000	151984.131100000	7036.09195000000	70366.4885300000
7128.91807000000	160260.964800000	7677.32186000000	76251.7948200000
8291.19153000000	168373.400100000	9219.61811000000	77272.9227100000
17835.0058100000	115610.049600000	5245.14218000000	55647.5248000000
21451.1313300000	131670.103400000	6709.82574000000	58540.3029200000
21592.7113400000	123289.048700000	6866.75226000000	69689.5867800000
23637.4699300000	144767.342500000	7420.16921000000	64122.9108700000
25139.3421100000	162747.207200000	7699.18243000000	76242.7744800000
25557.7947500000	165343.674800000	7889.32400000000	78837.7768900000
24042.5230600000	127418.166200000	8101.30491000000	89695.1974000000
17521.2470600000	155492.114400000	5123.17123000000	94355.1658300000
18364.6193900000	164611.972800000	5393.98063000000	96117.0704200000
15620.3406400000	231921.157900000	4247.09882000000	109810.920900000
13740.5860900000	218423.708400000	3887.68822000000	95972.8208600000
14585.3624600000	214009.018300000	4066.09757000000	96361.7592300000
15094.9355700000	225736.430600000	4221.04093000000	105780.768900000
13594.3681100000	191699.316300000	4090.48701000000	98038.4053900000
13458.9046100000	192715.320500000	3943.55870000000	97504.3547100000
14379.8412400000	172906.438200000	3982.95449000000	99475.8610700000
12789.8359600000	167588.826200000	4011.09454000000	98843.3590800000
14517.4928900000	151225.865500000	4533.72725000000	102604.312500000
10834.3073400000	141059.435000000	4045.77394000000	93654.8425800000
11450.0966000000	151462.374600000	4250.22633000000	78389.5294900000
12150.5064200000	159180.846600000	4515.94792000000	81739.9877900000
8366.07422000000	156149.867000000	2962.14899000000	70680.8309400000
8152.74458000000	162059.205100000	2913.67146000000	81348.8601100000
8450.99594000000	155300.448500000	2814.02902000000	78913.9044400000
8607.18071000000	155750.433200000	2873.24033000000	74834.4607200000
11375.9412400000	145587.532900000	10807.8353900000	80147.8614100000
10634.0340300000	139377.562000000	10332.9565200000	78108.4435000000
11280.2579400000	138376.240400000	11423.7131500000	84885.7762400000
13210.2416600000	139729.658200000	12075.0488700000	99302.2643200000
12867.2994300000	140159.176100000	11633.2073900000	72108.4503200000