# 5
960 4989 
878 5218 -100
990 4963 -105
1237 4857 -110
1349 4832
1526 4800 -115
1784 470 -120
2021 4550 -125
2130 4461
2180 4326 -130
2185 4194 
2267 4186
2326 4164 -135
2338 4164
2555 4077 -140  
2647 3800 -145
2659 3550 -150
2734 3289 (5-405)
2727 3258 -155
2657 3000 -160
2600 2766 (5-90)
2594 2741 -165
2594 2570 (5-520)
2600 2461 -170
2589 2183 -175
2676 1900 -180
2774 1828 (5-405)
2818 1700 -185
2945 1450 -190
3016 1184 -195
3000 850 -200
3003 626 -205
2934 351 -210 
2800 110 -215
# 90
2579 2756
2600 2766 (5-90)
2730 2782 -5
2989 2828 (90-405)
3000 2828 -10
2350 2937 -15
3450 3032 -20
3724 3132 -25
# 405
2734 2829 (5-405)
2859 3270 
2930 3157 -5
2963 2884 -10 
2989 2828 (90-405)
2957 2620 (405-520)
2961 2591 -15
2983 2327 -20
2961 2058 -25
2787 1839 -30
2774 1828 (5-405)
# 520
2594 2570 (5-520)
2870 2590 -5
2957 2620 (405-520)
3098 2575 -10 
3175 2478
